0 140.678878
54 128.385504
80 125.267225
447 112.763335
2922 112.128352
2924 111.620878
32847 108.784414
44839 107.362619
77913 103.234374
86453 101.240102
88919 101.009081
88940 96.905383
97980 94.251324
103167 91.112727
103226 90.308615
103231 86.288322
105915 86.171084
108230 82.955750
108302 80.866103
108345 79.567527
109040 79.036376
113327 76.168275
113480 72.866561
115318 72.777213
115362 72.434067
116688 72.184510
116701 70.288865
116717 69.460438
116744 66.063644
117280 66.044403
117436 65.952085
117729 65.526745
117759 65.413095
121617 65.277408
121677 63.095712
121720 62.632684
121749 62.509937
121785 62.121139
122062 61.942993
122486 61.924150
122863 60.917577
125386 60.757839
125419 59.634733
125464 58.340066
133276 58.103170
133281 57.472654
133316 56.886867
133523 55.517384
134539 54.216133
136288 53.964197
136448 52.549983
137049 52.151637
139399 51.808492
142865 51.271173
144779 50.442745
