0 2839.133403
0 2778.135935
1 2744.303582
5 2719.251773
6 2677.244235
7 2630.975902
20 2584.833808
21 2532.173534
112 2516.684273
117 2485.923116
119 2470.792620
120 2449.220899
158 2396.004181
160 2384.133269
161 2326.551257
163 2307.167966
166 2301.382653
167 2264.746124
169 2263.452593
1286 2215.771487
5058 2159.863010
5065 2154.334231
5073 2109.786167
5077 2080.595465
5091 2064.911707
5092 2061.097641
5109 2057.915869
5117 2014.113418
5123 1997.294129
5127 1994.889273
5139 1940.392301
5160 1939.411707
5199 1922.114549
5226 1887.470074
5236 1858.316185
5250 1829.776214
5258 1818.049507
5260 1806.192955
5268 1805.155390
5283 1786.860474
5342 1775.211310
5351 1771.069394
5380 1753.397298
5382 1745.792851
5396 1741.131921
5405 1738.859249
5413 1703.794788
5422 1678.136072
5429 1672.357757
5433 1671.418950
5444 1656.330414
5454 1655.078566
5469 1597.147851
5471 1587.430217
5492 1575.581299
5522 1574.752982
5540 1560.092996
5619 1549.412856
5620 1543.498809
5630 1535.380527
5740 1530.610676
5753 1529.828459
5759 1529.671864
5768 1528.328967
5779 1524.474936
5829 1521.423831
5917 1480.080633
5942 1480.061629
5962 1470.143102
5980 1469.763441
5986 1467.972273
6048 1451.372666
6065 1443.287111
6125 1442.923690
6127 1442.569755
6149 1430.145360
6166 1423.194396
6189 1418.800243
6416 1400.105949
6456 1392.393084
6479 1392.311384
6506 1389.564721
6544 1387.268055
6598 1382.889031
6611 1379.543303
6643 1368.723749
6678 1362.302169
6704 1358.648027
6731 1354.961557
6735 1337.848817
6750 1335.033826
6769 1320.693078
6777 1310.189347
6850 1308.239676
6858 1305.281854
6927 1303.299471
6969 1266.193129
7034 1263.601112
7088 1261.837443
7174 1259.154609
7178 1258.600305
7189 1255.219390
7211 1240.159724
7241 1235.441659
7286 1235.153463
7325 1218.277294
7367 1213.875415
7370 1212.533047
7377 1212.041725
7518 1211.263150
7679 1201.207412
7776 1200.832026
7897 1192.570649
8031 1191.453358
8090 1184.138296
8199 1170.826104
8279 1168.807927
8508 1147.568893
8643 1140.921416
8763 1137.585675
8786 1127.980215
8899 1116.999701
8909 1114.881494
8939 1110.080808
9125 1108.832464
9305 1108.137596
9782 1101.384493
9961 1093.302613
9991 1077.180404
10048 1073.251252
10098 1068.342969
10102 1064.392569
10107 1063.829592
10120 1062.618766
10368 1058.800838
10505 1058.168582
10722 1041.555067
10868 1041.468560
10970 1031.133572
11141 1030.649299
11160 1021.760476
11170 1021.379174
11225 1020.525849
11357 1014.136236
11449 1013.916356
11628 1012.529336
11849 1006.697538
11888 1006.681802
11908 1003.841004
12034 1003.529169
12117 1003.195848
12136 1000.806958
12183 995.811597
12239 990.114533
12264 984.647939
12382 981.832647
12422 967.185207
12485 966.599443
12496 965.268067
12646 962.074298
12749 960.052760
12762 956.588562
12767 953.423944
12795 944.167577
12817 937.183015
12883 932.117466
13203 930.511143
13274 929.079139
13298 928.188545
13356 923.896387
13393 919.506895
13553 918.400836
13608 914.300464
13802 906.009672
13829 905.685001
13987 905.391940
14096 905.327852
14116 901.681571
14283 901.639084
14376 901.049208
14485 899.321770
14570 894.753107
15406 894.636359
15507 893.373747
15841 891.012519
16905 886.646919
17262 885.506433
17716 882.525418
18041 881.108118
18130 880.722953
18420 878.136928
18574 876.902872
19003 875.039266
19276 870.691445
19838 867.634210
19893 866.157454
19982 860.436262
20016 859.674197
20131 858.295987
20479 852.512827
20651 850.703331
20674 845.232886
20807 843.043738
21255 842.226359
21354 832.117909
21419 831.390979
21850 831.268876
21915 829.803749
22943 825.526093
22954 825.245263
22968 820.931392
23164 819.668551
23431 815.473717
23509 812.708344
23512 809.579785
23726 809.251690
23756 805.575641
23977 804.495196
24103 799.965595
24615 798.684667
24749 795.291176
24772 794.582341
25359 790.904283
25868 787.206955
26007 786.944916
26422 777.660876
26834 775.940471
27208 774.801727
27220 771.500440
27494 761.367039
28135 751.047356
28142 750.933512
28404 749.932993
28835 747.334061
28927 744.271380
29466 742.260753
30651 741.637802
32132 741.481637
32492 740.573897
33185 738.808248
33994 731.497157
34224 729.010260
34572 728.954686
35258 728.890850
36062 724.095685
36474 722.629731
36573 720.141236
37315 717.040799
37581 716.557802
37855 716.399904
38520 715.964710
39236 713.764088
41605 710.890353
43218 708.699077
44400 707.719680
44689 704.441839
48872 702.536514
48970 702.436705
50790 702.184935
53782 692.883007
54546 692.537014
56014 692.144033
58595 690.432252
60207 690.321482
60879 685.693641
62991 684.026802
66320 683.363867
79471 681.308896
79595 680.883174
80766 680.239387
86785 680.014703
90202 678.107183
94154 676.577954
97465 674.791491
101460 671.397042
103840 668.240038
104617 664.814684
116648 664.806151
151093 664.735824
194700 664.727291
