0 152.159959
6 151.379742
11 149.941001
12 148.838951
13 147.828712
17 146.705638
18 137.231136
24 135.599447
25 127.371120
26 124.354981
27 121.477515
28 110.897131
9144 110.353023
16100 109.748672
16101 103.933282
49955 102.103817
49963 97.527254
58953 95.276885
58961 93.082883
60217 91.177933
60670 89.698127
62264 89.316264
62297 89.162204
62309 85.998756
64827 84.630257
65322 82.991460
65335 81.336407
67081 80.440880
67096 79.981889
67097 79.981889
67305 79.900942
67778 79.826519
67798 78.563316
67885 77.419679
67912 76.947543
69091 76.845514
69355 74.824608
69382 74.824608
69508 71.810727
69521 70.729303
70742 70.718667
70746 68.852082
70962 66.106869
72952 65.647191
72956 65.424315
73884 64.910662
73899 64.741123
73966 64.244022
73986 63.613505
74105 62.278640
74225 61.673089
74233 60.437021
74540 59.042763
75207 58.993059
75488 58.068552
77955 57.457112
79766 55.413845
79807 55.006204
79899 55.006204
81040 52.941709
