0 4096.000000
1 4096.000000
2 2745.825202
3 2745.825202
4 2745.825202
5 644.153293
6 644.153293
7 28.076070
8 28.076070
9 28.076070
10 28.076070
11 3.520580
12 3.520580
13 3.520580
14 3.520580
15 3.520580
16 3.520580
17 3.520580
18 3.520580
19 3.520580
20 3.520580
21 3.520580
22 3.520580
23 3.520580
24 3.520580
25 3.520580
26 3.520580
27 0.092551
28 0.092551
29 0.092551
30 0.092551
31 0.092551
32 0.092551
33 0.092551
34 0.092551
35 0.092551
36 0.092551
37 0.061074
38 0.061074
39 0.061074
40 0.061074
41 0.061074
42 0.061074
43 0.061074
44 0.061074
45 0.061074
46 0.061074
47 0.061074
48 0.061074
49 0.061074
50 0.061074
51 0.061074
52 0.061074
53 0.061074
54 0.061074
55 0.061074
56 0.061074
57 0.061074
58 0.061074
59 0.061074
60 0.061074
61 0.061074
62 0.061074
63 0.061074
64 0.061074
65 0.061074
66 0.061074
67 0.061074
68 0.061074
69 0.061074
70 0.061074
71 0.061074
72 0.061074
73 0.061074
74 0.061074
75 0.061074
76 0.061074
77 0.061074
78 0.061074
79 0.061074
80 0.006774
81 0.006774
82 0.006774
83 0.006774
84 0.006774
85 0.006774
86 0.006774
87 0.006774
88 0.006774
89 0.006774
90 0.006774
91 0.006774
92 0.006774
93 0.006774
94 0.006774
95 0.006774
96 0.006774
97 0.006774
98 0.006774
99 0.006774
100 0.006774
101 0.006774
102 0.006774
103 0.006774
104 0.006774
105 0.006774
106 0.006774
107 0.006774
108 0.006774
109 0.006774
110 0.006774
111 0.006774
112 0.006774
113 0.006774
114 0.006774
115 0.006774
116 0.006774
117 0.006774
118 0.006774
119 0.006774
120 0.006774
121 0.006774
122 0.006774
123 0.006774
124 0.006774
125 0.006774
126 0.006774
127 0.006774
128 0.006774
129 0.006774
130 0.006774
131 0.006774
132 0.006774
133 0.006774
134 0.006774
135 0.006774
136 0.006774
137 0.006774
138 0.006774
139 0.006774
140 0.006774
141 0.006774
142 0.006774
143 0.006774
144 0.006774
145 0.006774
146 0.006774
147 0.006774
148 0.006774
149 0.006774
150 0.006774
151 0.006774
152 0.006774
153 0.006774
154 0.006774
155 0.006774
156 0.006774
157 0.006774
158 0.006774
159 0.006774
160 0.006774
161 0.006774
162 0.006774
163 0.006774
164 0.006774
165 0.006774
166 0.006774
167 0.006774
168 0.006774
169 0.006774
170 0.006774
171 0.006774
172 0.006774
173 0.006774
174 0.006774
175 0.006774
176 0.006774
177 0.006774
178 0.006774
179 0.006774
180 0.006774
181 0.006774
182 0.006774
183 0.006774
184 0.006774
185 0.006774
186 0.006774
187 0.006774
188 0.006774
189 0.006774
190 0.006774
191 0.006774
192 0.006774
193 0.006774
194 0.006774
195 0.006774
196 0.006774
197 0.006774
198 0.006774
199 0.006774
200 0.006774
201 0.006774
202 0.006774
203 0.006774
204 0.006774
205 0.006774
206 0.006774
207 0.006774
208 0.006774
209 0.006774
210 0.006774
211 0.006774
212 0.006774
213 0.006774
214 0.006774
215 0.006774
216 0.006774
217 0.006774
218 0.006774
219 0.006774
220 0.006774
221 0.006774
222 0.006774
223 0.006774
224 0.006774
225 0.006774
226 0.006774
227 0.006774
228 0.006774
229 0.006774
230 0.006774
231 0.006774
232 0.006774
233 0.006774
234 0.006774
235 0.006774
236 0.006774
237 0.006774
238 0.006774
239 0.006774
240 0.006774
241 0.006774
242 0.006774
243 0.006774
244 0.006774
245 0.006774
246 0.006774
247 0.006774
248 0.006774
249 0.006774
250 0.006774
251 0.006774
252 0.006774
253 0.006774
254 0.006774
255 0.006774
256 0.006774
257 0.006774
258 0.006774
259 0.006774
260 0.006774
261 0.006774
262 0.006774
263 0.006774
264 0.006774
265 0.006774
266 0.006774
267 0.006774
268 0.006774
269 0.006774
270 0.006774
271 0.006774
272 0.006774
273 0.006774
274 0.006774
275 0.006774
276 0.006774
277 0.006774
278 0.006774
279 0.006774
280 0.006774
281 0.006774
282 0.006774
283 0.006774
284 0.006774
285 0.006774
286 0.006774
287 0.006774
288 0.006774
289 0.006774
290 0.006774
291 0.006774
292 0.006774
293 0.006774
294 0.006774
295 0.006774
296 0.006774
297 0.006774
298 0.006774
299 0.006774
300 0.006774
301 0.006774
302 0.006774
303 0.006774
304 0.006774
305 0.006774
306 0.006774
307 0.006774
308 0.006774
309 0.006774
310 0.006774
311 0.006774
312 0.006774
313 0.006774
314 0.006774
315 0.006774
316 0.006774
317 0.006774
318 0.006774
319 0.006774
320 0.006774
321 0.006774
322 0.006774
323 0.006774
324 0.006774
325 0.006774
326 0.006774
327 0.006774
328 0.006774
329 0.006774
330 0.006774
331 0.006774
332 0.006774
333 0.006774
334 0.006774
335 0.006774
336 0.006774
337 0.006774
338 0.006774
339 0.006774
340 0.006774
341 0.006774
342 0.006774
343 0.006774
344 0.006774
345 0.006774
346 0.006774
347 0.006774
348 0.006774
349 0.006774
350 0.006774
351 0.006774
352 0.006774
353 0.006774
354 0.006774
355 0.006774
356 0.006774
357 0.006774
358 0.006774
359 0.006774
360 0.006774
361 0.006774
362 0.006774
363 0.006774
364 0.006774
365 0.006774
366 0.006774
367 0.006774
368 0.006774
369 0.006774
370 0.006774
371 0.006774
372 0.006774
373 0.003746
374 0.003746
375 0.003746
376 0.003746
377 0.003746
378 0.003746
379 0.003746
380 0.003746
381 0.003746
382 0.003746
383 0.003746
384 0.003746
385 0.003746
386 0.003746
387 0.003746
388 0.003746
389 0.003746
390 0.003746
391 0.003746
392 0.003746
393 0.003746
394 0.003746
395 0.003746
396 0.003746
397 0.003746
398 0.003746
399 0.003746
400 0.003746
401 0.003746
402 0.003746
403 0.003746
404 0.003746
405 0.003746
406 0.003746
407 0.003746
408 0.003746
409 0.003746
410 0.003746
411 0.003746
412 0.003746
413 0.003746
414 0.003746
415 0.003746
416 0.003746
417 0.003746
418 0.003746
419 0.003746
420 0.003746
421 0.003746
422 0.003746
423 0.003746
424 0.003746
425 0.003746
426 0.003746
427 0.003746
428 0.003746
429 0.003746
430 0.003746
431 0.003746
432 0.003746
433 0.003746
434 0.003746
435 0.003746
436 0.003746
437 0.003746
438 0.003746
439 0.003746
440 0.003746
441 0.003746
442 0.003746
443 0.003746
444 0.003746
445 0.003746
446 0.003746
447 0.003746
448 0.003746
449 0.003746
450 0.003746
451 0.003746
452 0.003746
453 0.003746
454 0.003746
455 0.003746
456 0.003746
457 0.003746
458 0.003746
459 0.003746
460 0.003746
461 0.003746
462 0.003746
463 0.003746
464 0.003746
465 0.003746
466 0.003746
467 0.003746
468 0.003746
469 0.003746
470 0.003746
471 0.003746
472 0.003746
473 0.003746
474 0.003746
475 0.003746
476 0.003746
477 0.003746
478 0.003746
479 0.003746
480 0.003746
481 0.003746
482 0.003746
483 0.003746
484 0.003746
485 0.003746
486 0.003746
487 0.003746
488 0.003746
489 0.003746
490 0.003746
491 0.003746
492 0.003746
493 0.003746
494 0.003746
495 0.003746
496 0.003746
497 0.003746
498 0.003746
499 0.003746
500 0.003746
501 0.003746
502 0.003746
503 0.003746
504 0.003746
505 0.003746
506 0.003746
507 0.003746
508 0.003746
509 0.003746
510 0.003746
511 0.003746
512 0.003746
513 0.003746
514 0.003746
515 0.003746
516 0.003746
517 0.003746
518 0.003746
519 0.003746
520 0.003746
521 0.003746
522 0.003746
523 0.003746
524 0.003746
525 0.003746
526 0.003746
527 0.003746
528 0.003746
529 0.003746
530 0.003746
531 0.003746
532 0.003746
533 0.003746
534 0.003746
535 0.003746
536 0.003746
537 0.003746
538 0.003746
539 0.003746
540 0.003746
541 0.003746
542 0.003746
543 0.003746
544 0.003746
545 0.003746
546 0.003746
547 0.003746
548 0.003746
549 0.003746
550 0.003746
551 0.003746
552 0.003746
553 0.003746
554 0.003746
555 0.003746
556 0.003746
557 0.003746
558 0.003746
559 0.003746
560 0.003746
561 0.003746
562 0.003746
563 0.003746
564 0.003746
565 0.003746
566 0.003746
567 0.003746
568 0.003746
569 0.003746
570 0.003746
571 0.003746
572 0.003746
573 0.003746
574 0.003746
575 0.003746
576 0.003746
577 0.003746
578 0.003746
579 0.003746
580 0.003746
581 0.003746
582 0.003746
583 0.003746
584 0.003746
585 0.003746
586 0.003746
587 0.003746
588 0.003746
589 0.003746
590 0.003746
591 0.003746
592 0.003746
593 0.003746
594 0.003746
595 0.003746
596 0.003746
597 0.003746
598 0.003746
599 0.003746
600 0.003746
601 0.003746
602 0.003746
603 0.003746
604 0.003746
605 0.003746
606 0.003746
607 0.003746
608 0.003746
609 0.003746
610 0.003746
611 0.003746
612 0.003746
613 0.003746
614 0.003746
615 0.003746
616 0.003746
617 0.003746
618 0.002261
619 0.002261
620 0.002261
621 0.002261
622 0.002261
623 0.002261
624 0.002261
625 0.002261
626 0.002261
627 0.002261
628 0.002261
629 0.002261
630 0.002261
631 0.002261
632 0.002261
633 0.002261
634 0.002261
635 0.002261
636 0.002261
637 0.002261
638 0.002261
639 0.002261
640 0.002261
641 0.002261
642 0.002261
643 0.002261
644 0.002261
645 0.002261
646 0.002261
647 0.002261
648 0.002261
649 0.002261
650 0.002261
651 0.002261
652 0.002261
653 0.002261
654 0.002261
655 0.002261
656 0.002261
657 0.002261
658 0.002261
659 0.002261
660 0.002261
661 0.002261
662 0.002261
663 0.002261
664 0.002261
665 0.002261
666 0.002261
667 0.002261
668 0.002261
669 0.002261
670 0.002261
671 0.002261
672 0.002261
673 0.002261
674 0.002261
675 0.002261
676 0.002261
677 0.002261
678 0.002261
679 0.002261
680 0.002261
681 0.002261
682 0.002261
683 0.002261
684 0.002261
685 0.002261
686 0.002261
687 0.002261
688 0.002261
689 0.002261
690 0.002261
691 0.002261
692 0.002261
693 0.002261
694 0.002261
695 0.002261
696 0.002261
697 0.002261
698 0.002261
699 0.002261
700 0.002261
701 0.002261
702 0.002261
703 0.002261
704 0.002261
705 0.002261
706 0.002261
707 0.002261
708 0.002261
709 0.002261
710 0.002261
711 0.002261
712 0.002261
713 0.002261
714 0.002261
715 0.002261
716 0.002261
717 0.002261
718 0.002261
719 0.002261
720 0.002261
721 0.002261
722 0.002261
723 0.002261
724 0.002261
725 0.002261
726 0.002261
727 0.002261
728 0.002261
729 0.002261
730 0.002261
731 0.002261
732 0.002261
733 0.002261
734 0.002261
735 0.002261
736 0.002261
737 0.002261
738 0.002261
739 0.002261
740 0.002261
741 0.002261
742 0.002261
743 0.002261
744 0.002261
745 0.002261
746 0.002261
747 0.002261
748 0.002261
749 0.002261
750 0.002261
751 0.002261
752 0.002261
753 0.002261
754 0.002261
755 0.002261
756 0.002261
757 0.002261
758 0.002261
759 0.002261
760 0.002261
761 0.002261
762 0.002261
763 0.002261
764 0.002261
765 0.002261
766 0.002261
767 0.002261
768 0.002261
769 0.002261
770 0.002261
771 0.002261
772 0.002261
773 0.002261
774 0.002261
775 0.002261
776 0.002261
777 0.002261
778 0.002261
779 0.002261
780 0.002261
781 0.002261
782 0.002261
783 0.002261
784 0.002261
785 0.002261
786 0.002261
787 0.002261
788 0.002261
789 0.002261
790 0.002261
791 0.002261
792 0.002261
793 0.002261
794 0.002261
795 0.002261
796 0.002261
797 0.002261
798 0.002261
799 0.002261
800 0.002261
801 0.002261
802 0.002261
803 0.002261
804 0.002261
805 0.002261
806 0.002261
807 0.002261
808 0.002261
809 0.002261
810 0.002261
811 0.002261
812 0.002261
813 0.002261
814 0.002261
815 0.002261
816 0.002261
817 0.002261
818 0.002261
819 0.002261
820 0.002261
821 0.002261
822 0.002261
823 0.002261
824 0.002261
825 0.002261
826 0.002261
827 0.002261
828 0.002261
829 0.002261
830 0.002261
831 0.002261
832 0.002261
833 0.002261
834 0.002261
835 0.002261
836 0.002261
837 0.002261
838 0.002261
839 0.002261
840 0.002261
841 0.002261
842 0.002261
843 0.002261
844 0.002261
845 0.002261
846 0.002261
847 0.002261
848 0.002261
849 0.002261
850 0.002261
851 0.002261
852 0.002261
853 0.002261
854 0.002261
855 0.002261
856 0.002261
857 0.002261
858 0.002261
859 0.002261
860 0.002261
861 0.002261
862 0.002261
863 0.002261
864 0.002261
865 0.002261
866 0.002261
867 0.002261
868 0.002261
869 0.002261
870 0.002261
871 0.002261
872 0.002261
873 0.002261
874 0.001057
875 0.001057
876 0.001057
877 0.001057
878 0.001057
879 0.001057
880 0.001057
881 0.001057
882 0.001057
883 0.001057
884 0.001057
885 0.001057
886 0.001057
887 0.001057
888 0.001057
889 0.001057
890 0.001057
891 0.001057
892 0.001057
893 0.001057
894 0.001057
895 0.001057
896 0.001057
897 0.001057
898 0.001057
899 0.001057
900 0.001057
901 0.001057
902 0.001057
903 0.001057
904 0.001057
905 0.001057
906 0.001057
907 0.001057
908 0.001057
909 0.001057
910 0.001057
911 0.001057
912 0.001057
913 0.001057
914 0.001057
915 0.001057
916 0.001057
917 0.001057
918 0.001057
919 0.001057
920 0.001057
921 0.001057
922 0.001057
923 0.001057
924 0.001057
925 0.001057
926 0.001057
927 0.001057
928 0.001057
929 0.001057
930 0.001057
931 0.001057
932 0.001057
933 0.001057
934 0.001057
935 0.001057
936 0.001057
937 0.001057
938 0.001057
939 0.001057
940 0.001057
941 0.001057
942 0.001057
943 0.001057
944 0.001057
945 0.001057
946 0.001057
947 0.001057
948 0.001057
949 0.001057
950 0.001057
951 0.001057
952 0.001057
953 0.001057
954 0.001057
955 0.001057
956 0.001057
957 0.001057
958 0.001057
959 0.001057
960 0.001057
961 0.001057
962 0.001057
963 0.001057
964 0.001057
965 0.001057
966 0.001057
967 0.001057
968 0.001057
969 0.001057
970 0.001057
971 0.001057
972 0.001057
973 0.001057
974 0.001057
975 0.001057
976 0.001057
977 0.001057
978 0.001057
979 0.001057
980 0.001057
981 0.001057
982 0.001057
983 0.001057
984 0.001057
985 0.001057
986 0.001057
987 0.001057
988 0.001057
989 0.001057
990 0.001057
991 0.001057
992 0.001057
993 0.001057
994 0.001057
995 0.001057
996 0.001057
997 0.001057
998 0.001057
999 0.001057
1000 0.001057
1001 0.001057
1002 0.001057
1003 0.001057
1004 0.001057
1005 0.001057
1006 0.001057
1007 0.001057
1008 0.001057
1009 0.001057
1010 0.001057
1011 0.001057
1012 0.001057
1013 0.001057
1014 0.001057
1015 0.001057
1016 0.001057
1017 0.001057
1018 0.001057
1019 0.001057
1020 0.001057
1021 0.001057
1022 0.001057
1023 0.001057
1024 0.001057
1025 0.001057
1026 0.001057
1027 0.001057
1028 0.001057
1029 0.001057
1030 0.001057
1031 0.001057
1032 0.001057
1033 0.001057
1034 0.001057
1035 0.001057
1036 0.001057
1037 0.001057
1038 0.001057
1039 0.001057
1040 0.001057
1041 0.001057
1042 0.001057
1043 0.001057
1044 0.001057
1045 0.001057
1046 0.001057
1047 0.001057
1048 0.001057
1049 0.001057
1050 0.001057
1051 0.001057
1052 0.001057
1053 0.001057
1054 0.001057
1055 0.001057
1056 0.001057
1057 0.001057
1058 0.001057
1059 0.001057
1060 0.001057
1061 0.001057
1062 0.001057
1063 0.001057
1064 0.001057
1065 0.001057
1066 0.001057
1067 0.001057
1068 0.001057
1069 0.001057
1070 0.001057
1071 0.001057
1072 0.001057
1073 0.001057
1074 0.001057
1075 0.001057
1076 0.001057
1077 0.001057
1078 0.001057
1079 0.001057
1080 0.001057
1081 0.001057
1082 0.001057
1083 0.001057
1084 0.001057
1085 0.001057
1086 0.001057
1087 0.001057
1088 0.001057
1089 0.001057
1090 0.001057
1091 0.001057
1092 0.001057
1093 0.001057
1094 0.001057
1095 0.001057
1096 0.001057
1097 0.001057
1098 0.001057
1099 0.001057
1100 0.001057
1101 0.001057
1102 0.001057
1103 0.001057
1104 0.001057
1105 0.001057
1106 0.001057
1107 0.001057
1108 0.001057
1109 0.001057
1110 0.001057
1111 0.001057
1112 0.001057
1113 0.001057
1114 0.001057
1115 0.001057
1116 0.001057
1117 0.001057
1118 0.001057
1119 0.001057
1120 0.001057
1121 0.001057
1122 0.001057
1123 0.001057
1124 0.001057
1125 0.001057
1126 0.001057
1127 0.001057
1128 0.001057
1129 0.001057
1130 0.001057
1131 0.001057
1132 0.001057
1133 0.001057
1134 0.001057
1135 0.001057
1136 0.001057
1137 0.001057
1138 0.001057
1139 0.001057
1140 0.001057
1141 0.001057
1142 0.001057
1143 0.001057
1144 0.001057
1145 0.001057
1146 0.001057
1147 0.001057
1148 0.001057
1149 0.001057
1150 0.001057
1151 0.001057
1152 0.001057
1153 0.001057
1154 0.001057
1155 0.001057
1156 0.001057
1157 0.001057
1158 0.001057
1159 0.001057
1160 0.001057
1161 0.001057
1162 0.001057
1163 0.001057
1164 0.001057
1165 0.001057
1166 0.001057
1167 0.001057
1168 0.001057
1169 0.001057
1170 0.001057
1171 0.001057
1172 0.001057
1173 0.001057
1174 0.001057
1175 0.001057
1176 0.001057
1177 0.001057
1178 0.001057
1179 0.001057
1180 0.001057
1181 0.001057
1182 0.001057
1183 0.001057
1184 0.001057
1185 0.001057
1186 0.001057
1187 0.001057
1188 0.001057
1189 0.001057
1190 0.001057
1191 0.001057
1192 0.001057
1193 0.001057
1194 0.001057
1195 0.001057
1196 0.001057
1197 0.001057
1198 0.001057
1199 0.001057
1200 0.001057
1201 0.001057
1202 0.001057
1203 0.001057
1204 0.001057
1205 0.001057
1206 0.001057
1207 0.001057
1208 0.001057
1209 0.001057
1210 0.001057
1211 0.001057
1212 0.001057
1213 0.001057
1214 0.001057
1215 0.001057
1216 0.001057
1217 0.001057
1218 0.001057
1219 0.001057
1220 0.001057
1221 0.001057
1222 0.001057
1223 0.001057
1224 0.001057
1225 0.001057
1226 0.001057
1227 0.001057
1228 0.001057
1229 0.001057
1230 0.001057
1231 0.001057
1232 0.001057
1233 0.001057
1234 0.001057
1235 0.001057
1236 0.001057
1237 0.001057
1238 0.001057
1239 0.001057
1240 0.001057
1241 0.001057
1242 0.001057
1243 0.001057
1244 0.001057
1245 0.001057
1246 0.001057
1247 0.001057
1248 0.001057
1249 0.001057
1250 0.001057
1251 0.001057
1252 0.001057
1253 0.001057
1254 0.001057
1255 0.001057
1256 0.001057
1257 0.001057
1258 0.001057
1259 0.001057
1260 0.001057
1261 0.001057
1262 0.001057
1263 0.001057
1264 0.001057
1265 0.001057
1266 0.001057
1267 0.001057
1268 0.001057
1269 0.001057
1270 0.001057
1271 0.001057
1272 0.001057
1273 0.001057
1274 0.001057
1275 0.001057
1276 0.001057
1277 0.001057
1278 0.001057
1279 0.001057
1280 0.001057
1281 0.001057
1282 0.001057
1283 0.001057
1284 0.001057
1285 0.001057
1286 0.001057
1287 0.001057
1288 0.001057
1289 0.001057
1290 0.001057
1291 0.001057
1292 0.001057
1293 0.001057
1294 0.001057
1295 0.001057
1296 0.001057
1297 0.001057
1298 0.001057
1299 0.001057
1300 0.001057
1301 0.001057
1302 0.001057
1303 0.001057
1304 0.001057
1305 0.001057
1306 0.001057
1307 0.001057
1308 0.001057
1309 0.001057
1310 0.001057
1311 0.001057
1312 0.001057
1313 0.001057
1314 0.001057
1315 0.001057
1316 0.001057
1317 0.001057
1318 0.001057
1319 0.001057
1320 0.001057
1321 0.001057
1322 0.001057
1323 0.001057
1324 0.001057
1325 0.001057
1326 0.001057
1327 0.001057
1328 0.001057
1329 0.001057
1330 0.001057
1331 0.001057
1332 0.001057
1333 0.001057
1334 0.001057
1335 0.001057
1336 0.001057
1337 0.001057
1338 0.001057
1339 0.001057
1340 0.001057
1341 0.001057
1342 0.001057
1343 0.001057
1344 0.001057
1345 0.001057
1346 0.001057
1347 0.001057
1348 0.001057
1349 0.001057
1350 0.001057
1351 0.001057
1352 0.001057
1353 0.001057
1354 0.001057
1355 0.001057
1356 0.001057
1357 0.001057
1358 0.001057
1359 0.001057
1360 0.001057
1361 0.001057
1362 0.001057
1363 0.001057
1364 0.001057
1365 0.001057
1366 0.001057
1367 0.001057
1368 0.001057
1369 0.001057
1370 0.001057
1371 0.001057
1372 0.001057
1373 0.001057
1374 0.001057
1375 0.001057
1376 0.001057
1377 0.001057
1378 0.001057
1379 0.001057
1380 0.001057
1381 0.001057
1382 0.001057
1383 0.001057
1384 0.001057
1385 0.001057
1386 0.001057
1387 0.001057
1388 0.001057
1389 0.001057
1390 0.001057
1391 0.001057
1392 0.001057
1393 0.001057
1394 0.001057
1395 0.001057
1396 0.001057
1397 0.001057
1398 0.001057
1399 0.001057
1400 0.001057
1401 0.001057
1402 0.001057
1403 0.001057
1404 0.001057
1405 0.001057
1406 0.001057
1407 0.001057
1408 0.001057
1409 0.001057
1410 0.001057
1411 0.001057
1412 0.001057
1413 0.001057
1414 0.001057
1415 0.001057
1416 0.001057
1417 0.001057
1418 0.001057
1419 0.001057
1420 0.001057
1421 0.001057
1422 0.001057
1423 0.001057
1424 0.001057
1425 0.001057
1426 0.001057
1427 0.001057
1428 0.001057
1429 0.001057
1430 0.001057
1431 0.001057
1432 0.001057
1433 0.001057
1434 0.001057
1435 0.001057
1436 0.001057
1437 0.001057
1438 0.001057
1439 0.001057
1440 0.001057
1441 0.001057
1442 0.001057
1443 0.001057
1444 0.001057
1445 0.001057
1446 0.001057
1447 0.001057
1448 0.001057
1449 0.001057
1450 0.001057
1451 0.001057
1452 0.001057
1453 0.001057
1454 0.001057
1455 0.001057
1456 0.001057
1457 0.001057
1458 0.001057
1459 0.001057
1460 0.001057
1461 0.001057
1462 0.001057
1463 0.001057
1464 0.001057
1465 0.001057
1466 0.001057
1467 0.001057
1468 0.001057
1469 0.001057
1470 0.001057
1471 0.001057
1472 0.001057
1473 0.001057
1474 0.001057
1475 0.001057
1476 0.001057
1477 0.001057
1478 0.001057
1479 0.001057
1480 0.001057
1481 0.001057
1482 0.001057
1483 0.001057
1484 0.001057
1485 0.001057
1486 0.001057
1487 0.001057
1488 0.001057
1489 0.001057
1490 0.001057
1491 0.001057
1492 0.001057
1493 0.001057
1494 0.001057
1495 0.001057
1496 0.001057
1497 0.001057
1498 0.001057
1499 0.001057
1500 0.001057
1501 0.001057
1502 0.001057
1503 0.001057
1504 0.001057
1505 0.001057
1506 0.001057
1507 0.001057
1508 0.001057
1509 0.001057
1510 0.001057
1511 0.001057
1512 0.001057
1513 0.001057
1514 0.001057
1515 0.001057
1516 0.001057
1517 0.001057
1518 0.001057
1519 0.001057
1520 0.001057
1521 0.001057
1522 0.001057
1523 0.001057
1524 0.001057
1525 0.001057
1526 0.001057
1527 0.001057
1528 0.001057
1529 0.001057
1530 0.001057
1531 0.001057
1532 0.001057
1533 0.001057
1534 0.001057
1535 0.001057
1536 0.001057
1537 0.001057
1538 0.001057
1539 0.001057
1540 0.001057
1541 0.001057
1542 0.001057
1543 0.001057
1544 0.001057
1545 0.001057
1546 0.001057
1547 0.001057
1548 0.001057
1549 0.001057
1550 0.001057
1551 0.001057
1552 0.001057
1553 0.001057
1554 0.001057
1555 0.001057
1556 0.001057
1557 0.001057
1558 0.001057
1559 0.001057
1560 0.001057
1561 0.001057
1562 0.001057
1563 0.001057
1564 0.001057
1565 0.001057
1566 0.001057
1567 0.001057
1568 0.001057
1569 0.001057
1570 0.001057
1571 0.001057
1572 0.001057
1573 0.001057
1574 0.001057
1575 0.001057
1576 0.001057
1577 0.001057
1578 0.001057
1579 0.001057
1580 0.001057
1581 0.001057
1582 0.001057
1583 0.001057
1584 0.001057
1585 0.001057
1586 0.001057
1587 0.001057
1588 0.001057
1589 0.001057
1590 0.001057
1591 0.001057
1592 0.001057
1593 0.001057
1594 0.001057
1595 0.001057
1596 0.001057
1597 0.001057
1598 0.001057
1599 0.001057
1600 0.001057
1601 0.001057
1602 0.001057
1603 0.001057
1604 0.001057
1605 0.001057
1606 0.001057
1607 0.001057
1608 0.001057
1609 0.001057
1610 0.001057
1611 0.001057
1612 0.001057
1613 0.001057
1614 0.001057
1615 0.001057
1616 0.001057
1617 0.001057
1618 0.001057
1619 0.001057
1620 0.001057
1621 0.001057
1622 0.001057
1623 0.001057
1624 0.001057
1625 0.001057
1626 0.001057
1627 0.001057
1628 0.001057
1629 0.001057
1630 0.001057
1631 0.001057
1632 0.001057
1633 0.001057
1634 0.001057
1635 0.001057
1636 0.001057
1637 0.001057
1638 0.001057
1639 0.001057
1640 0.001057
1641 0.001057
1642 0.001057
1643 0.001057
1644 0.001057
1645 0.001057
1646 0.001057
1647 0.001057
1648 0.001057
1649 0.001057
1650 0.001057
1651 0.001057
1652 0.001057
1653 0.001057
1654 0.001057
1655 0.001057
1656 0.001057
1657 0.001057
1658 0.001057
1659 0.001057
1660 0.001057
1661 0.001057
1662 0.001057
1663 0.001057
1664 0.001057
1665 0.001057
1666 0.001057
1667 0.001057
1668 0.001057
1669 0.001057
1670 0.001057
1671 0.001057
1672 0.001057
1673 0.001057
1674 0.001057
1675 0.001057
1676 0.001057
1677 0.001057
1678 0.001057
1679 0.001057
1680 0.001057
1681 0.001057
1682 0.001057
1683 0.001057
1684 0.001057
1685 0.001057
1686 0.001057
1687 0.001057
1688 0.001057
1689 0.001057
1690 0.001057
1691 0.001057
1692 0.001057
1693 0.001057
1694 0.001057
1695 0.001057
1696 0.001057
1697 0.001057
1698 0.001057
1699 0.001057
1700 0.001057
1701 0.001057
1702 0.001057
1703 0.001057
1704 0.001057
1705 0.001057
1706 0.001057
1707 0.001057
1708 0.001057
1709 0.001057
1710 0.001057
1711 0.001057
1712 0.001057
1713 0.001057
1714 0.001057
1715 0.001057
1716 0.001057
1717 0.001057
1718 0.001057
1719 0.001057
1720 0.001057
1721 0.001057
1722 0.001057
1723 0.001057
1724 0.001057
1725 0.001057
1726 0.001057
1727 0.001057
1728 0.001057
1729 0.001057
1730 0.001057
1731 0.001057
1732 0.001057
1733 0.001057
1734 0.001057
1735 0.001057
1736 0.001057
1737 0.001057
1738 0.001057
1739 0.001057
1740 0.001057
1741 0.001057
1742 0.001057
1743 0.001057
1744 0.001057
1745 0.001057
1746 0.001057
1747 0.001057
1748 0.001057
1749 0.001057
1750 0.001057
1751 0.001057
1752 0.001057
1753 0.001057
1754 0.001057
1755 0.001057
1756 0.001057
1757 0.001057
1758 0.001057
1759 0.001057
1760 0.001057
1761 0.001057
1762 0.001057
1763 0.001057
1764 0.001057
1765 0.001057
1766 0.001057
1767 0.001057
1768 0.001057
1769 0.001057
1770 0.001057
1771 0.001057
1772 0.001057
1773 0.001057
1774 0.001057
1775 0.001057
1776 0.001057
1777 0.001057
1778 0.001057
1779 0.001057
1780 0.001057
1781 0.001057
1782 0.001057
1783 0.001057
1784 0.001057
1785 0.001057
1786 0.001057
1787 0.001057
1788 0.001057
1789 0.001057
1790 0.001057
1791 0.001057
1792 0.001057
1793 0.001057
1794 0.001057
1795 0.001057
1796 0.001057
1797 0.001057
1798 0.001057
1799 0.001057
1800 0.001057
1801 0.001057
1802 0.001057
1803 0.001057
1804 0.001057
1805 0.001057
1806 0.001057
1807 0.001057
1808 0.001057
1809 0.001057
1810 0.001057
1811 0.001057
1812 0.001057
1813 0.001057
1814 0.001057
1815 0.001057
1816 0.001057
1817 0.001057
1818 0.001057
1819 0.001057
1820 0.001057
1821 0.001057
1822 0.001057
1823 0.001057
1824 0.001057
1825 0.001057
1826 0.001057
1827 0.001057
1828 0.001057
1829 0.001057
1830 0.001057
1831 0.001057
1832 0.001057
1833 0.001057
1834 0.001057
1835 0.001057
1836 0.001057
1837 0.001057
1838 0.001057
1839 0.001057
1840 0.001057
1841 0.001057
1842 0.001057
1843 0.001057
1844 0.001057
1845 0.001057
1846 0.001057
1847 0.001057
1848 0.001057
1849 0.001057
1850 0.001057
1851 0.001057
1852 0.001057
1853 0.001057
1854 0.001057
1855 0.001057
1856 0.001057
1857 0.001057
1858 0.001057
1859 0.001057
1860 0.001057
1861 0.001057
1862 0.001057
1863 0.001057
1864 0.001057
1865 0.001057
1866 0.001057
1867 0.001057
1868 0.001057
1869 0.001057
1870 0.001057
1871 0.001057
1872 0.001057
1873 0.001057
1874 0.001057
1875 0.001057
1876 0.001057
1877 0.001057
1878 0.001057
1879 0.001057
1880 0.001057
1881 0.001057
1882 0.001057
1883 0.001057
1884 0.001057
1885 0.001057
1886 0.001057
1887 0.001057
1888 0.001057
1889 0.001057
1890 0.001057
1891 0.001057
1892 0.001057
1893 0.001057
1894 0.001057
1895 0.001057
1896 0.001057
1897 0.001057
1898 0.001057
1899 0.001057
1900 0.001057
1901 0.001057
1902 0.001057
1903 0.001057
1904 0.001057
1905 0.001057
1906 0.001057
1907 0.001057
1908 0.001057
1909 0.001057
1910 0.001057
1911 0.001057
1912 0.001057
1913 0.001057
1914 0.001057
1915 0.001057
1916 0.001057
1917 0.001057
1918 0.001057
1919 0.001057
1920 0.001057
1921 0.001057
1922 0.001057
1923 0.001057
1924 0.001057
1925 0.001057
1926 0.001057
1927 0.001057
1928 0.001057
1929 0.001057
1930 0.001057
1931 0.001057
1932 0.001057
1933 0.001057
1934 0.001057
1935 0.001057
1936 0.001057
1937 0.001057
1938 0.001057
1939 0.001057
1940 0.001057
1941 0.001057
1942 0.001057
1943 0.001057
1944 0.001057
1945 0.001057
1946 0.001057
1947 0.001057
1948 0.001057
1949 0.001057
1950 0.001057
1951 0.001057
1952 0.001057
1953 0.001057
1954 0.001057
1955 0.001057
1956 0.001057
1957 0.001057
1958 0.001057
1959 0.001057
1960 0.001057
1961 0.001057
1962 0.001057
1963 0.001057
1964 0.001057
1965 0.001057
1966 0.001057
1967 0.001057
1968 0.001057
1969 0.001057
1970 0.001057
1971 0.001057
1972 0.001057
1973 0.001057
1974 0.001057
1975 0.001057
1976 0.001057
1977 0.001057
1978 0.001057
1979 0.001057
1980 0.001057
1981 0.001057
1982 0.001057
1983 0.001057
1984 0.001057
1985 0.001057
1986 0.001057
1987 0.001057
1988 0.001057
1989 0.001057
1990 0.001057
1991 0.001057
1992 0.001057
1993 0.001057
1994 0.001057
1995 0.001057
1996 0.001057
1997 0.001057
1998 0.001057
1999 0.001057
2000 0.001057
2001 0.001057
2002 0.001057
2003 0.001057
2004 0.001057
2005 0.001057
2006 0.001057
2007 0.001057
2008 0.001057
2009 0.001057
2010 0.001057
2011 0.001057
2012 0.001057
2013 0.001057
2014 0.001057
2015 0.001057
2016 0.001057
2017 0.001057
2018 0.001057
2019 0.001057
2020 0.001057
2021 0.001057
2022 0.001057
2023 0.001057
2024 0.001057
2025 0.001057
2026 0.001057
2027 0.001057
2028 0.001057
2029 0.001057
2030 0.001057
2031 0.001057
2032 0.001057
2033 0.001057
2034 0.001057
2035 0.001057
2036 0.001057
2037 0.001057
2038 0.001057
2039 0.001057
2040 0.001057
2041 0.001057
2042 0.001057
2043 0.001057
2044 0.001057
2045 0.001057
2046 0.001057
2047 0.001057
2048 0.001057
2049 0.001057
2050 0.001057
2051 0.001057
2052 0.001057
2053 0.001057
2054 0.001057
2055 0.001057
2056 0.001057
2057 0.001057
2058 0.001057
2059 0.001057
2060 0.001057
2061 0.001057
2062 0.001057
2063 0.001057
2064 0.001057
2065 0.001057
2066 0.001057
2067 0.001057
2068 0.001057
2069 0.001057
2070 0.001057
2071 0.001057
2072 0.001057
2073 0.001057
2074 0.001057
2075 0.001057
2076 0.001057
2077 0.001057
2078 0.001057
2079 0.001057
2080 0.001057
2081 0.001057
2082 0.001057
2083 0.001057
2084 0.001057
2085 0.001057
2086 0.001057
2087 0.001057
2088 0.001057
2089 0.001057
2090 0.001057
2091 0.001057
2092 0.001057
2093 0.001057
2094 0.001057
2095 0.001057
2096 0.001057
2097 0.001057
2098 0.001057
2099 0.001057
2100 0.001057
2101 0.001057
2102 0.001057
2103 0.001057
2104 0.001057
2105 0.001057
2106 0.001057
2107 0.001057
2108 0.001057
2109 0.001057
2110 0.001057
2111 0.001057
2112 0.001057
2113 0.001057
2114 0.001057
2115 0.001057
2116 0.001057
2117 0.001057
2118 0.001057
2119 0.001057
2120 0.001057
2121 0.001057
2122 0.001057
2123 0.001057
2124 0.001057
2125 0.001057
2126 0.001057
2127 0.001057
2128 0.001057
2129 0.001057
2130 0.001057
2131 0.001057
2132 0.001057
2133 0.001057
2134 0.001057
2135 0.001057
2136 0.001057
2137 0.001057
2138 0.001057
2139 0.001057
2140 0.001057
2141 0.001057
2142 0.001057
2143 0.001057
2144 0.001057
2145 0.001057
2146 0.001057
2147 0.001057
2148 0.001057
2149 0.001057
2150 0.001057
2151 0.001057
2152 0.001057
2153 0.001057
2154 0.001057
2155 0.001057
2156 0.001057
2157 0.001057
2158 0.001057
2159 0.001057
2160 0.001057
2161 0.001057
2162 0.001057
2163 0.001057
2164 0.001057
2165 0.001057
2166 0.001057
2167 0.001057
2168 0.001057
2169 0.001057
2170 0.001057
2171 0.001057
2172 0.001057
2173 0.001057
2174 0.001057
2175 0.001057
2176 0.001057
2177 0.001057
2178 0.001057
2179 0.001057
2180 0.001057
2181 0.001057
2182 0.001057
2183 0.001057
2184 0.001057
2185 0.001057
2186 0.001057
2187 0.001057
2188 0.001057
2189 0.001057
2190 0.001057
2191 0.001057
2192 0.001057
2193 0.001057
2194 0.001057
2195 0.001057
2196 0.001057
2197 0.001057
2198 0.001057
2199 0.001057
2200 0.001057
2201 0.001057
2202 0.001057
2203 0.001057
2204 0.001057
2205 0.001057
2206 0.001057
2207 0.001057
2208 0.001057
2209 0.001057
2210 0.001057
2211 0.001057
2212 0.001057
2213 0.001057
2214 0.001057
2215 0.001057
2216 0.001057
2217 0.001057
2218 0.001057
2219 0.001057
2220 0.001057
2221 0.001057
2222 0.001057
2223 0.001057
2224 0.001057
2225 0.001057
2226 0.001057
2227 0.001057
2228 0.001057
2229 0.001057
2230 0.001057
2231 0.001057
2232 0.001057
2233 0.001057
2234 0.001057
2235 0.001057
2236 0.001057
2237 0.001057
2238 0.001057
2239 0.001057
2240 0.001057
2241 0.001057
2242 0.001057
2243 0.001057
2244 0.001057
2245 0.001057
2246 0.001057
2247 0.001057
2248 0.001057
2249 0.001057
2250 0.001057
2251 0.001057
2252 0.001057
2253 0.001057
2254 0.001057
2255 0.001057
2256 0.001057
2257 0.000493
2258 0.000493
2259 0.000493
2260 0.000493
2261 0.000493
2262 0.000493
2263 0.000493
2264 0.000493
2265 0.000493
2266 0.000493
2267 0.000493
2268 0.000493
2269 0.000493
2270 0.000493
2271 0.000493
2272 0.000493
2273 0.000493
2274 0.000493
2275 0.000493
2276 0.000493
2277 0.000493
2278 0.000493
2279 0.000493
2280 0.000493
2281 0.000493
2282 0.000493
2283 0.000493
2284 0.000493
2285 0.000493
2286 0.000493
2287 0.000493
2288 0.000493
2289 0.000493
2290 0.000493
2291 0.000493
2292 0.000493
2293 0.000493
2294 0.000493
2295 0.000493
2296 0.000493
2297 0.000493
2298 0.000493
2299 0.000493
2300 0.000493
2301 0.000493
2302 0.000493
2303 0.000493
2304 0.000493
2305 0.000493
2306 0.000493
2307 0.000493
2308 0.000493
2309 0.000493
2310 0.000493
2311 0.000493
2312 0.000493
2313 0.000493
2314 0.000493
2315 0.000493
2316 0.000493
2317 0.000493
2318 0.000493
2319 0.000493
2320 0.000493
2321 0.000493
2322 0.000493
2323 0.000493
2324 0.000493
2325 0.000493
2326 0.000493
2327 0.000493
2328 0.000493
2329 0.000493
2330 0.000493
2331 0.000493
2332 0.000493
2333 0.000493
2334 0.000493
2335 0.000493
2336 0.000493
2337 0.000493
2338 0.000493
2339 0.000493
2340 0.000493
2341 0.000493
2342 0.000493
2343 0.000493
2344 0.000493
2345 0.000493
2346 0.000493
2347 0.000493
2348 0.000493
2349 0.000493
2350 0.000493
2351 0.000493
2352 0.000493
2353 0.000493
2354 0.000493
2355 0.000493
2356 0.000493
2357 0.000493
2358 0.000493
2359 0.000493
2360 0.000493
2361 0.000493
2362 0.000493
2363 0.000493
2364 0.000493
2365 0.000493
2366 0.000493
2367 0.000493
2368 0.000493
2369 0.000493
2370 0.000493
2371 0.000493
2372 0.000493
2373 0.000493
2374 0.000493
2375 0.000493
2376 0.000493
2377 0.000493
2378 0.000493
2379 0.000493
2380 0.000493
2381 0.000493
2382 0.000493
2383 0.000493
2384 0.000493
2385 0.000493
2386 0.000493
2387 0.000493
2388 0.000493
2389 0.000493
2390 0.000493
2391 0.000493
2392 0.000493
2393 0.000493
2394 0.000493
2395 0.000493
2396 0.000493
2397 0.000493
2398 0.000493
2399 0.000493
2400 0.000493
2401 0.000493
2402 0.000493
2403 0.000493
2404 0.000493
2405 0.000493
2406 0.000493
2407 0.000493
2408 0.000493
2409 0.000493
2410 0.000493
2411 0.000493
2412 0.000493
2413 0.000493
2414 0.000493
2415 0.000493
2416 0.000493
2417 0.000493
2418 0.000493
2419 0.000493
2420 0.000493
2421 0.000493
2422 0.000493
2423 0.000493
2424 0.000493
2425 0.000493
2426 0.000493
2427 0.000493
2428 0.000493
2429 0.000493
2430 0.000493
2431 0.000493
2432 0.000493
2433 0.000493
2434 0.000493
2435 0.000493
2436 0.000493
2437 0.000493
2438 0.000493
2439 0.000493
2440 0.000493
2441 0.000493
2442 0.000493
2443 0.000493
2444 0.000493
2445 0.000493
2446 0.000493
2447 0.000493
2448 0.000493
2449 0.000493
2450 0.000493
2451 0.000493
2452 0.000493
2453 0.000493
2454 0.000493
2455 0.000493
2456 0.000493
2457 0.000493
2458 0.000493
2459 0.000493
2460 0.000493
2461 0.000493
2462 0.000493
2463 0.000493
2464 0.000493
2465 0.000493
2466 0.000493
2467 0.000493
2468 0.000493
2469 0.000493
2470 0.000493
2471 0.000493
2472 0.000493
2473 0.000493
2474 0.000493
2475 0.000493
2476 0.000493
2477 0.000493
2478 0.000493
2479 0.000493
2480 0.000493
2481 0.000493
2482 0.000493
2483 0.000493
2484 0.000493
2485 0.000493
2486 0.000493
2487 0.000493
2488 0.000493
2489 0.000493
2490 0.000493
2491 0.000493
2492 0.000493
2493 0.000493
2494 0.000493
2495 0.000493
2496 0.000493
2497 0.000493
2498 0.000493
2499 0.000493
2500 0.000493
2501 0.000493
2502 0.000493
2503 0.000493
2504 0.000493
2505 0.000493
2506 0.000493
2507 0.000493
2508 0.000493
2509 0.000493
2510 0.000493
2511 0.000493
2512 0.000493
2513 0.000493
2514 0.000493
2515 0.000493
2516 0.000493
2517 0.000493
2518 0.000493
2519 0.000493
2520 0.000493
2521 0.000493
2522 0.000493
2523 0.000493
2524 0.000493
2525 0.000493
2526 0.000493
2527 0.000493
2528 0.000493
2529 0.000493
2530 0.000493
2531 0.000493
2532 0.000493
2533 0.000493
2534 0.000493
2535 0.000493
2536 0.000493
2537 0.000493
2538 0.000493
2539 0.000493
2540 0.000493
2541 0.000493
2542 0.000493
2543 0.000493
2544 0.000493
2545 0.000493
2546 0.000493
2547 0.000493
2548 0.000493
2549 0.000493
2550 0.000493
2551 0.000493
2552 0.000493
2553 0.000493
2554 0.000493
2555 0.000493
2556 0.000493
2557 0.000493
2558 0.000493
2559 0.000493
2560 0.000493
2561 0.000493
2562 0.000493
2563 0.000493
2564 0.000493
2565 0.000493
2566 0.000493
2567 0.000493
2568 0.000493
2569 0.000493
2570 0.000493
2571 0.000493
2572 0.000493
2573 0.000493
2574 0.000493
2575 0.000493
2576 0.000493
2577 0.000493
2578 0.000493
2579 0.000493
2580 0.000493
2581 0.000493
2582 0.000493
2583 0.000493
2584 0.000493
2585 0.000493
2586 0.000493
2587 0.000493
2588 0.000493
2589 0.000493
2590 0.000493
2591 0.000493
2592 0.000493
2593 0.000493
2594 0.000493
2595 0.000493
2596 0.000493
2597 0.000493
2598 0.000493
2599 0.000493
2600 0.000493
2601 0.000493
2602 0.000493
2603 0.000493
2604 0.000493
2605 0.000493
2606 0.000493
2607 0.000493
2608 0.000493
2609 0.000493
2610 0.000493
2611 0.000493
2612 0.000493
2613 0.000493
2614 0.000493
2615 0.000493
2616 0.000493
2617 0.000493
2618 0.000493
2619 0.000493
2620 0.000493
2621 0.000493
2622 0.000493
2623 0.000493
2624 0.000493
2625 0.000493
2626 0.000493
2627 0.000493
2628 0.000493
2629 0.000493
2630 0.000493
2631 0.000493
2632 0.000493
2633 0.000493
2634 0.000493
2635 0.000493
2636 0.000493
2637 0.000493
2638 0.000493
2639 0.000493
2640 0.000493
2641 0.000493
2642 0.000493
2643 0.000493
2644 0.000493
2645 0.000493
2646 0.000493
2647 0.000493
2648 0.000493
2649 0.000493
2650 0.000493
2651 0.000493
2652 0.000493
2653 0.000493
2654 0.000493
2655 0.000493
2656 0.000493
2657 0.000493
2658 0.000493
2659 0.000493
2660 0.000493
2661 0.000493
2662 0.000493
2663 0.000493
2664 0.000493
2665 0.000493
2666 0.000493
2667 0.000493
2668 0.000493
2669 0.000493
2670 0.000493
2671 0.000493
2672 0.000493
2673 0.000493
2674 0.000493
2675 0.000493
2676 0.000493
2677 0.000493
2678 0.000493
2679 0.000493
2680 0.000493
2681 0.000493
2682 0.000493
2683 0.000493
2684 0.000493
2685 0.000493
2686 0.000493
2687 0.000493
2688 0.000493
2689 0.000493
2690 0.000493
2691 0.000493
2692 0.000493
2693 0.000493
2694 0.000493
2695 0.000493
2696 0.000493
2697 0.000493
2698 0.000493
2699 0.000493
2700 0.000493
2701 0.000493
2702 0.000493
2703 0.000493
2704 0.000493
2705 0.000493
2706 0.000493
2707 0.000493
2708 0.000493
2709 0.000493
2710 0.000493
2711 0.000493
2712 0.000493
2713 0.000493
2714 0.000493
2715 0.000493
2716 0.000493
2717 0.000493
2718 0.000493
2719 0.000493
2720 0.000493
2721 0.000493
2722 0.000493
2723 0.000493
2724 0.000493
2725 0.000493
2726 0.000493
2727 0.000493
2728 0.000493
2729 0.000493
2730 0.000493
2731 0.000493
2732 0.000493
2733 0.000493
2734 0.000493
2735 0.000493
2736 0.000493
2737 0.000493
2738 0.000493
2739 0.000493
2740 0.000493
2741 0.000493
2742 0.000493
2743 0.000493
2744 0.000493
2745 0.000493
2746 0.000493
2747 0.000493
2748 0.000493
2749 0.000493
2750 0.000493
2751 0.000493
2752 0.000493
2753 0.000493
2754 0.000493
2755 0.000493
2756 0.000493
2757 0.000493
2758 0.000493
2759 0.000493
2760 0.000493
2761 0.000493
2762 0.000493
2763 0.000493
2764 0.000493
2765 0.000493
2766 0.000493
2767 0.000493
2768 0.000493
2769 0.000493
2770 0.000493
2771 0.000493
2772 0.000493
2773 0.000493
2774 0.000493
2775 0.000493
2776 0.000493
2777 0.000493
2778 0.000493
2779 0.000493
2780 0.000493
2781 0.000493
2782 0.000493
2783 0.000493
2784 0.000493
2785 0.000493
2786 0.000493
2787 0.000493
2788 0.000493
2789 0.000493
2790 0.000493
2791 0.000493
2792 0.000493
2793 0.000493
2794 0.000493
2795 0.000493
2796 0.000493
2797 0.000493
2798 0.000493
2799 0.000493
2800 0.000493
2801 0.000493
2802 0.000493
2803 0.000493
2804 0.000493
2805 0.000493
2806 0.000493
2807 0.000493
2808 0.000493
2809 0.000493
2810 0.000493
2811 0.000493
2812 0.000493
2813 0.000493
2814 0.000493
2815 0.000493
2816 0.000493
2817 0.000493
2818 0.000493
2819 0.000493
2820 0.000493
2821 0.000493
2822 0.000493
2823 0.000493
2824 0.000493
2825 0.000493
2826 0.000493
2827 0.000493
2828 0.000493
2829 0.000493
2830 0.000493
2831 0.000493
2832 0.000493
2833 0.000493
2834 0.000493
2835 0.000493
2836 0.000493
2837 0.000493
2838 0.000493
2839 0.000493
2840 0.000493
2841 0.000493
2842 0.000493
2843 0.000493
2844 0.000493
2845 0.000493
2846 0.000493
2847 0.000493
2848 0.000493
2849 0.000493
2850 0.000493
2851 0.000493
2852 0.000493
2853 0.000493
2854 0.000493
2855 0.000493
2856 0.000493
2857 0.000493
2858 0.000493
2859 0.000493
2860 0.000493
2861 0.000493
2862 0.000493
2863 0.000493
2864 0.000493
2865 0.000493
2866 0.000493
2867 0.000493
2868 0.000493
2869 0.000493
2870 0.000493
2871 0.000493
2872 0.000493
2873 0.000493
2874 0.000493
2875 0.000493
2876 0.000493
2877 0.000493
2878 0.000493
2879 0.000493
2880 0.000493
2881 0.000493
2882 0.000493
2883 0.000493
2884 0.000493
2885 0.000493
2886 0.000493
2887 0.000493
2888 0.000493
2889 0.000493
2890 0.000493
2891 0.000493
2892 0.000493
2893 0.000493
2894 0.000493
2895 0.000493
2896 0.000493
2897 0.000493
2898 0.000493
2899 0.000493
2900 0.000493
2901 0.000493
2902 0.000493
2903 0.000493
2904 0.000493
2905 0.000493
2906 0.000493
2907 0.000493
2908 0.000493
2909 0.000493
2910 0.000493
2911 0.000493
2912 0.000493
2913 0.000493
2914 0.000493
2915 0.000493
2916 0.000493
2917 0.000493
2918 0.000493
2919 0.000493
2920 0.000493
2921 0.000493
2922 0.000493
2923 0.000493
2924 0.000493
2925 0.000493
2926 0.000493
2927 0.000493
2928 0.000493
2929 0.000493
2930 0.000493
2931 0.000493
2932 0.000493
2933 0.000493
2934 0.000493
2935 0.000493
2936 0.000493
2937 0.000493
2938 0.000493
2939 0.000493
2940 0.000493
2941 0.000493
2942 0.000493
2943 0.000493
2944 0.000493
2945 0.000493
2946 0.000493
2947 0.000493
2948 0.000493
2949 0.000493
2950 0.000493
2951 0.000493
2952 0.000493
2953 0.000493
2954 0.000493
2955 0.000493
2956 0.000493
2957 0.000493
2958 0.000493
2959 0.000493
2960 0.000493
2961 0.000493
2962 0.000493
2963 0.000493
2964 0.000493
2965 0.000493
2966 0.000493
2967 0.000493
2968 0.000493
2969 0.000493
2970 0.000493
2971 0.000493
2972 0.000493
2973 0.000493
2974 0.000493
2975 0.000493
2976 0.000493
2977 0.000493
2978 0.000493
2979 0.000493
2980 0.000493
2981 0.000493
2982 0.000493
2983 0.000493
2984 0.000493
2985 0.000493
2986 0.000493
2987 0.000493
2988 0.000493
2989 0.000493
2990 0.000493
2991 0.000493
2992 0.000493
2993 0.000493
2994 0.000493
2995 0.000493
2996 0.000493
2997 0.000493
2998 0.000493
2999 0.000493
3000 0.000493
3001 0.000493
3002 0.000493
3003 0.000493
3004 0.000493
3005 0.000493
3006 0.000493
3007 0.000493
3008 0.000493
3009 0.000493
3010 0.000493
3011 0.000493
3012 0.000493
3013 0.000493
3014 0.000493
3015 0.000493
3016 0.000493
3017 0.000493
3018 0.000493
3019 0.000493
3020 0.000493
3021 0.000493
3022 0.000493
3023 0.000493
3024 0.000493
3025 0.000493
3026 0.000493
3027 0.000493
3028 0.000493
3029 0.000493
3030 0.000493
3031 0.000493
3032 0.000493
3033 0.000493
3034 0.000493
3035 0.000493
3036 0.000493
3037 0.000493
3038 0.000493
3039 0.000493
3040 0.000493
3041 0.000493
3042 0.000493
3043 0.000493
3044 0.000493
3045 0.000493
3046 0.000493
3047 0.000493
3048 0.000493
3049 0.000493
3050 0.000493
3051 0.000493
3052 0.000493
3053 0.000493
3054 0.000493
3055 0.000493
3056 0.000493
3057 0.000493
3058 0.000493
3059 0.000493
3060 0.000493
3061 0.000493
3062 0.000493
3063 0.000493
3064 0.000493
3065 0.000493
3066 0.000493
3067 0.000493
3068 0.000493
3069 0.000493
3070 0.000493
3071 0.000493
3072 0.000493
3073 0.000493
3074 0.000493
3075 0.000493
3076 0.000493
3077 0.000493
3078 0.000493
3079 0.000493
3080 0.000493
3081 0.000493
3082 0.000493
3083 0.000493
3084 0.000493
3085 0.000493
3086 0.000493
3087 0.000493
3088 0.000493
3089 0.000493
3090 0.000493
3091 0.000493
3092 0.000493
3093 0.000493
3094 0.000493
3095 0.000493
3096 0.000493
3097 0.000493
3098 0.000493
3099 0.000493
3100 0.000493
3101 0.000493
3102 0.000493
3103 0.000493
3104 0.000493
3105 0.000493
3106 0.000493
3107 0.000493
3108 0.000493
3109 0.000493
3110 0.000493
3111 0.000493
3112 0.000493
3113 0.000493
3114 0.000493
3115 0.000493
3116 0.000493
3117 0.000493
3118 0.000493
3119 0.000493
3120 0.000493
3121 0.000493
3122 0.000493
3123 0.000493
3124 0.000493
3125 0.000493
3126 0.000493
3127 0.000493
3128 0.000493
3129 0.000493
3130 0.000493
3131 0.000493
3132 0.000493
3133 0.000493
3134 0.000493
3135 0.000493
3136 0.000493
3137 0.000493
3138 0.000493
3139 0.000493
3140 0.000493
3141 0.000493
3142 0.000493
3143 0.000493
3144 0.000493
3145 0.000493
3146 0.000493
3147 0.000493
3148 0.000493
3149 0.000493
3150 0.000493
3151 0.000493
3152 0.000493
3153 0.000493
3154 0.000493
3155 0.000493
3156 0.000493
3157 0.000493
3158 0.000493
3159 0.000493
3160 0.000493
3161 0.000493
3162 0.000493
3163 0.000493
3164 0.000493
3165 0.000493
3166 0.000493
3167 0.000493
3168 0.000493
3169 0.000493
3170 0.000493
3171 0.000493
3172 0.000493
3173 0.000493
3174 0.000493
3175 0.000493
3176 0.000493
3177 0.000493
3178 0.000493
3179 0.000493
3180 0.000493
3181 0.000493
3182 0.000493
3183 0.000493
3184 0.000493
3185 0.000493
3186 0.000493
3187 0.000493
3188 0.000493
3189 0.000493
3190 0.000493
3191 0.000493
3192 0.000493
3193 0.000493
3194 0.000493
3195 0.000493
3196 0.000493
3197 0.000493
3198 0.000493
3199 0.000493
3200 0.000493
3201 0.000493
3202 0.000493
3203 0.000493
3204 0.000493
3205 0.000493
3206 0.000493
3207 0.000493
3208 0.000493
3209 0.000493
3210 0.000493
3211 0.000493
3212 0.000493
3213 0.000493
3214 0.000493
3215 0.000493
3216 0.000493
3217 0.000493
3218 0.000493
3219 0.000493
3220 0.000493
3221 0.000493
3222 0.000493
3223 0.000493
3224 0.000493
3225 0.000493
3226 0.000493
3227 0.000493
3228 0.000493
3229 0.000493
3230 0.000493
3231 0.000493
3232 0.000493
3233 0.000493
3234 0.000493
3235 0.000493
3236 0.000493
3237 0.000493
3238 0.000493
3239 0.000493
3240 0.000493
3241 0.000493
3242 0.000493
3243 0.000493
3244 0.000493
3245 0.000493
3246 0.000493
3247 0.000493
3248 0.000493
3249 0.000493
3250 0.000493
3251 0.000493
3252 0.000493
3253 0.000493
3254 0.000493
3255 0.000493
3256 0.000493
3257 0.000493
3258 0.000493
3259 0.000493
3260 0.000493
3261 0.000493
3262 0.000493
3263 0.000493
3264 0.000493
3265 0.000493
3266 0.000493
3267 0.000493
3268 0.000493
3269 0.000493
3270 0.000493
3271 0.000493
3272 0.000493
3273 0.000493
3274 0.000493
3275 0.000493
3276 0.000493
3277 0.000493
3278 0.000493
3279 0.000493
3280 0.000493
3281 0.000493
3282 0.000493
3283 0.000493
3284 0.000493
3285 0.000493
3286 0.000493
3287 0.000493
3288 0.000493
3289 0.000493
3290 0.000493
3291 0.000493
3292 0.000493
3293 0.000493
3294 0.000493
3295 0.000493
3296 0.000493
3297 0.000493
3298 0.000493
3299 0.000493
3300 0.000493
3301 0.000493
3302 0.000493
3303 0.000493
3304 0.000493
3305 0.000493
3306 0.000493
3307 0.000493
3308 0.000493
3309 0.000493
3310 0.000493
3311 0.000493
3312 0.000493
3313 0.000493
3314 0.000493
3315 0.000493
3316 0.000493
3317 0.000493
3318 0.000493
3319 0.000493
3320 0.000493
3321 0.000493
3322 0.000493
3323 0.000493
3324 0.000493
3325 0.000493
3326 0.000493
3327 0.000493
3328 0.000493
3329 0.000493
3330 0.000493
3331 0.000493
3332 0.000493
3333 0.000493
3334 0.000493
3335 0.000493
3336 0.000493
3337 0.000493
3338 0.000493
3339 0.000493
3340 0.000493
3341 0.000493
3342 0.000493
3343 0.000493
3344 0.000493
3345 0.000493
3346 0.000493
3347 0.000493
3348 0.000493
3349 0.000493
3350 0.000493
3351 0.000493
3352 0.000493
3353 0.000493
3354 0.000493
3355 0.000493
3356 0.000493
3357 0.000493
3358 0.000493
3359 0.000493
3360 0.000493
3361 0.000493
3362 0.000493
3363 0.000493
3364 0.000493
3365 0.000493
3366 0.000493
3367 0.000493
3368 0.000493
3369 0.000493
3370 0.000493
3371 0.000493
3372 0.000493
3373 0.000493
3374 0.000493
3375 0.000493
3376 0.000493
3377 0.000493
3378 0.000493
3379 0.000493
3380 0.000493
3381 0.000493
3382 0.000493
3383 0.000493
3384 0.000493
3385 0.000493
3386 0.000493
3387 0.000493
3388 0.000493
3389 0.000493
3390 0.000493
3391 0.000493
3392 0.000493
3393 0.000493
3394 0.000493
3395 0.000493
3396 0.000493
3397 0.000493
3398 0.000493
3399 0.000493
3400 0.000493
3401 0.000493
3402 0.000493
3403 0.000493
3404 0.000493
3405 0.000493
3406 0.000493
3407 0.000493
3408 0.000493
3409 0.000493
3410 0.000493
3411 0.000493
3412 0.000493
3413 0.000493
3414 0.000493
3415 0.000493
3416 0.000493
3417 0.000493
3418 0.000493
3419 0.000493
3420 0.000493
3421 0.000493
3422 0.000493
3423 0.000493
3424 0.000493
3425 0.000493
3426 0.000493
3427 0.000493
3428 0.000493
3429 0.000493
3430 0.000493
3431 0.000493
3432 0.000493
3433 0.000493
3434 0.000493
3435 0.000493
3436 0.000493
3437 0.000493
3438 0.000493
3439 0.000493
3440 0.000493
3441 0.000493
3442 0.000493
3443 0.000493
3444 0.000493
3445 0.000493
3446 0.000493
3447 0.000493
3448 0.000493
3449 0.000493
3450 0.000493
3451 0.000493
3452 0.000493
3453 0.000493
3454 0.000493
3455 0.000493
3456 0.000493
3457 0.000493
3458 0.000493
3459 0.000493
3460 0.000493
3461 0.000493
3462 0.000493
3463 0.000493
3464 0.000493
3465 0.000493
3466 0.000493
3467 0.000493
3468 0.000493
3469 0.000493
3470 0.000493
3471 0.000493
3472 0.000493
3473 0.000493
3474 0.000493
3475 0.000493
3476 0.000493
3477 0.000493
3478 0.000493
3479 0.000493
3480 0.000493
3481 0.000493
3482 0.000493
3483 0.000493
3484 0.000493
3485 0.000493
3486 0.000493
3487 0.000493
3488 0.000493
3489 0.000493
3490 0.000493
3491 0.000493
3492 0.000493
3493 0.000493
3494 0.000493
3495 0.000493
3496 0.000493
3497 0.000493
3498 0.000493
3499 0.000493
3500 0.000493
3501 0.000493
3502 0.000493
3503 0.000493
3504 0.000493
3505 0.000493
3506 0.000493
3507 0.000493
3508 0.000493
3509 0.000493
3510 0.000493
3511 0.000493
3512 0.000493
3513 0.000493
3514 0.000493
3515 0.000493
3516 0.000493
3517 0.000493
3518 0.000493
3519 0.000493
3520 0.000493
3521 0.000493
3522 0.000493
3523 0.000493
3524 0.000493
3525 0.000493
3526 0.000493
3527 0.000493
3528 0.000493
3529 0.000493
3530 0.000493
3531 0.000493
3532 0.000493
3533 0.000493
3534 0.000493
3535 0.000493
3536 0.000493
3537 0.000493
3538 0.000493
3539 0.000493
3540 0.000493
3541 0.000493
3542 0.000493
3543 0.000493
3544 0.000493
3545 0.000493
3546 0.000493
3547 0.000493
3548 0.000493
3549 0.000493
3550 0.000493
3551 0.000493
3552 0.000493
3553 0.000493
3554 0.000493
3555 0.000493
3556 0.000493
3557 0.000493
3558 0.000493
3559 0.000493
3560 0.000493
3561 0.000493
3562 0.000493
3563 0.000493
3564 0.000493
3565 0.000493
3566 0.000493
3567 0.000493
3568 0.000493
3569 0.000493
3570 0.000493
3571 0.000493
3572 0.000493
3573 0.000493
3574 0.000493
3575 0.000493
3576 0.000493
3577 0.000493
3578 0.000493
3579 0.000493
3580 0.000493
3581 0.000493
3582 0.000493
3583 0.000493
3584 0.000493
3585 0.000493
3586 0.000493
3587 0.000493
3588 0.000493
3589 0.000493
3590 0.000493
3591 0.000493
3592 0.000493
3593 0.000493
3594 0.000493
3595 0.000493
3596 0.000493
3597 0.000493
3598 0.000493
3599 0.000493
3600 0.000493
3601 0.000493
3602 0.000493
3603 0.000493
3604 0.000493
3605 0.000493
3606 0.000493
3607 0.000493
3608 0.000493
3609 0.000493
3610 0.000493
3611 0.000493
3612 0.000493
3613 0.000493
3614 0.000493
3615 0.000493
3616 0.000493
3617 0.000493
3618 0.000493
3619 0.000493
3620 0.000493
3621 0.000493
3622 0.000493
3623 0.000493
3624 0.000493
3625 0.000493
3626 0.000493
3627 0.000493
3628 0.000493
3629 0.000493
3630 0.000493
3631 0.000493
3632 0.000493
3633 0.000493
3634 0.000493
3635 0.000493
3636 0.000493
3637 0.000493
3638 0.000493
3639 0.000493
3640 0.000493
3641 0.000493
3642 0.000493
3643 0.000493
3644 0.000493
3645 0.000493
3646 0.000493
3647 0.000493
3648 0.000493
3649 0.000493
3650 0.000493
3651 0.000493
3652 0.000493
3653 0.000493
3654 0.000493
3655 0.000493
3656 0.000493
3657 0.000493
3658 0.000493
3659 0.000493
3660 0.000493
3661 0.000493
3662 0.000493
3663 0.000493
3664 0.000493
3665 0.000493
3666 0.000493
3667 0.000493
3668 0.000493
3669 0.000493
3670 0.000493
3671 0.000493
3672 0.000493
3673 0.000493
3674 0.000493
3675 0.000493
3676 0.000493
3677 0.000493
3678 0.000493
3679 0.000493
3680 0.000493
3681 0.000493
3682 0.000493
3683 0.000493
3684 0.000493
3685 0.000493
3686 0.000493
3687 0.000493
3688 0.000493
3689 0.000493
3690 0.000493
3691 0.000493
3692 0.000493
3693 0.000493
3694 0.000493
3695 0.000493
3696 0.000493
3697 0.000493
3698 0.000493
3699 0.000493
3700 0.000493
3701 0.000493
3702 0.000493
3703 0.000493
3704 0.000493
3705 0.000493
3706 0.000493
3707 0.000493
3708 0.000493
3709 0.000493
3710 0.000493
3711 0.000493
3712 0.000493
3713 0.000493
3714 0.000493
3715 0.000493
3716 0.000493
3717 0.000493
3718 0.000493
3719 0.000493
3720 0.000493
3721 0.000493
3722 0.000493
3723 0.000493
3724 0.000493
3725 0.000493
3726 0.000493
3727 0.000493
3728 0.000493
3729 0.000493
3730 0.000493
3731 0.000493
3732 0.000493
3733 0.000493
3734 0.000493
3735 0.000493
3736 0.000493
3737 0.000493
3738 0.000493
3739 0.000493
3740 0.000493
3741 0.000493
3742 0.000493
3743 0.000493
3744 0.000493
3745 0.000493
3746 0.000493
3747 0.000493
3748 0.000493
3749 0.000493
3750 0.000493
3751 0.000493
3752 0.000493
3753 0.000493
3754 0.000493
3755 0.000493
3756 0.000493
3757 0.000493
3758 0.000493
3759 0.000493
3760 0.000493
3761 0.000493
3762 0.000493
3763 0.000493
3764 0.000493
3765 0.000493
3766 0.000493
3767 0.000493
3768 0.000493
3769 0.000493
3770 0.000493
3771 0.000493
3772 0.000493
3773 0.000493
3774 0.000493
3775 0.000493
3776 0.000493
3777 0.000493
3778 0.000493
3779 0.000493
3780 0.000493
3781 0.000493
3782 0.000493
3783 0.000493
3784 0.000493
3785 0.000493
3786 0.000493
3787 0.000493
3788 0.000493
3789 0.000493
3790 0.000493
3791 0.000493
3792 0.000493
3793 0.000493
3794 0.000493
3795 0.000493
3796 0.000493
3797 0.000493
3798 0.000493
3799 0.000493
3800 0.000493
3801 0.000493
3802 0.000493
3803 0.000493
3804 0.000493
3805 0.000493
3806 0.000493
3807 0.000493
3808 0.000493
3809 0.000493
3810 0.000493
3811 0.000493
3812 0.000493
3813 0.000493
3814 0.000493
3815 0.000493
3816 0.000493
3817 0.000493
3818 0.000493
3819 0.000493
3820 0.000493
3821 0.000493
3822 0.000493
3823 0.000493
3824 0.000493
3825 0.000493
3826 0.000493
3827 0.000493
3828 0.000493
3829 0.000493
3830 0.000493
3831 0.000493
3832 0.000493
3833 0.000493
3834 0.000493
3835 0.000493
3836 0.000493
3837 0.000493
3838 0.000493
3839 0.000493
3840 0.000493
3841 0.000493
3842 0.000493
3843 0.000493
3844 0.000493
3845 0.000493
3846 0.000493
3847 0.000493
3848 0.000493
3849 0.000493
3850 0.000493
3851 0.000493
3852 0.000493
3853 0.000493
3854 0.000493
3855 0.000493
3856 0.000493
3857 0.000493
3858 0.000493
3859 0.000493
3860 0.000493
3861 0.000493
3862 0.000493
3863 0.000493
3864 0.000493
3865 0.000493
3866 0.000493
3867 0.000493
3868 0.000493
3869 0.000493
3870 0.000493
3871 0.000493
3872 0.000493
3873 0.000493
3874 0.000493
3875 0.000493
3876 0.000493
3877 0.000493
3878 0.000493
3879 0.000493
3880 0.000493
3881 0.000493
3882 0.000493
3883 0.000493
3884 0.000493
3885 0.000493
3886 0.000493
3887 0.000493
3888 0.000493
3889 0.000493
3890 0.000493
3891 0.000493
3892 0.000493
3893 0.000493
3894 0.000493
3895 0.000493
3896 0.000493
3897 0.000493
3898 0.000493
3899 0.000493
3900 0.000493
3901 0.000493
3902 0.000493
3903 0.000493
3904 0.000493
3905 0.000493
3906 0.000493
3907 0.000493
3908 0.000493
3909 0.000493
3910 0.000493
3911 0.000493
3912 0.000493
3913 0.000493
3914 0.000493
3915 0.000493
3916 0.000493
3917 0.000493
3918 0.000493
3919 0.000493
3920 0.000493
3921 0.000493
3922 0.000493
3923 0.000493
3924 0.000493
3925 0.000493
3926 0.000493
3927 0.000493
3928 0.000493
3929 0.000493
3930 0.000493
3931 0.000493
3932 0.000493
3933 0.000493
3934 0.000493
3935 0.000493
3936 0.000493
3937 0.000493
3938 0.000493
3939 0.000493
3940 0.000493
3941 0.000493
3942 0.000493
3943 0.000493
3944 0.000493
3945 0.000493
3946 0.000493
3947 0.000493
3948 0.000493
3949 0.000493
3950 0.000493
3951 0.000493
3952 0.000493
3953 0.000493
3954 0.000493
3955 0.000493
3956 0.000493
3957 0.000493
3958 0.000493
3959 0.000493
3960 0.000493
3961 0.000493
3962 0.000493
3963 0.000493
3964 0.000493
3965 0.000493
3966 0.000493
3967 0.000493
3968 0.000493
3969 0.000493
3970 0.000493
3971 0.000493
3972 0.000493
3973 0.000493
3974 0.000493
3975 0.000493
3976 0.000493
3977 0.000493
3978 0.000493
3979 0.000493
3980 0.000493
3981 0.000493
3982 0.000493
3983 0.000493
3984 0.000493
3985 0.000493
3986 0.000493
3987 0.000493
3988 0.000493
3989 0.000493
3990 0.000493
3991 0.000493
3992 0.000493
3993 0.000493
3994 0.000493
3995 0.000493
3996 0.000493
3997 0.000493
3998 0.000493
3999 0.000493
4000 0.000493
4001 0.000493
4002 0.000493
4003 0.000493
4004 0.000493
4005 0.000493
4006 0.000493
4007 0.000493
4008 0.000493
4009 0.000493
4010 0.000493
4011 0.000493
4012 0.000493
4013 0.000493
4014 0.000493
4015 0.000493
4016 0.000493
4017 0.000493
4018 0.000493
4019 0.000493
4020 0.000493
4021 0.000493
4022 0.000493
4023 0.000493
4024 0.000493
4025 0.000493
4026 0.000493
4027 0.000493
4028 0.000493
4029 0.000493
4030 0.000493
4031 0.000493
4032 0.000493
4033 0.000493
4034 0.000493
4035 0.000493
4036 0.000493
4037 0.000493
4038 0.000493
4039 0.000493
4040 0.000493
4041 0.000493
4042 0.000493
4043 0.000493
4044 0.000493
4045 0.000493
4046 0.000493
4047 0.000493
4048 0.000493
4049 0.000493
4050 0.000493
4051 0.000493
4052 0.000493
4053 0.000493
4054 0.000493
4055 0.000493
4056 0.000493
4057 0.000493
4058 0.000493
4059 0.000493
4060 0.000493
4061 0.000493
4062 0.000493
4063 0.000493
4064 0.000493
4065 0.000493
4066 0.000493
4067 0.000493
4068 0.000493
4069 0.000493
4070 0.000493
4071 0.000493
4072 0.000493
4073 0.000493
4074 0.000493
4075 0.000493
4076 0.000493
4077 0.000493
4078 0.000493
4079 0.000493
4080 0.000493
4081 0.000493
4082 0.000493
4083 0.000493
4084 0.000493
4085 0.000493
4086 0.000493
4087 0.000493
4088 0.000493
4089 0.000493
4090 0.000493
4091 0.000493
4092 0.000493
4093 0.000493
4094 0.000493
4095 0.000493
4096 0.000493
4097 0.000493
4098 0.000493
4099 0.000493
4100 0.000493
4101 0.000493
4102 0.000493
4103 0.000493
4104 0.000493
4105 0.000493
4106 0.000493
4107 0.000493
4108 0.000493
4109 0.000493
4110 0.000493
4111 0.000493
4112 0.000493
4113 0.000493
4114 0.000493
4115 0.000493
4116 0.000493
4117 0.000493
4118 0.000493
4119 0.000493
4120 0.000493
4121 0.000493
4122 0.000493
4123 0.000493
4124 0.000493
4125 0.000493
4126 0.000493
4127 0.000493
4128 0.000493
4129 0.000493
4130 0.000493
4131 0.000493
4132 0.000493
4133 0.000493
4134 0.000493
4135 0.000493
4136 0.000493
4137 0.000493
4138 0.000493
4139 0.000493
4140 0.000493
4141 0.000493
4142 0.000493
4143 0.000493
4144 0.000493
4145 0.000493
4146 0.000493
4147 0.000493
4148 0.000493
4149 0.000493
4150 0.000493
4151 0.000493
4152 0.000493
4153 0.000493
4154 0.000493
4155 0.000493
4156 0.000493
4157 0.000493
4158 0.000493
4159 0.000493
4160 0.000493
4161 0.000493
4162 0.000493
4163 0.000493
4164 0.000493
4165 0.000493
4166 0.000493
4167 0.000493
4168 0.000493
4169 0.000493
4170 0.000493
4171 0.000493
4172 0.000493
4173 0.000493
4174 0.000493
4175 0.000493
4176 0.000493
4177 0.000493
4178 0.000493
4179 0.000493
4180 0.000493
4181 0.000493
4182 0.000493
4183 0.000493
4184 0.000493
4185 0.000493
4186 0.000493
4187 0.000493
4188 0.000493
4189 0.000493
4190 0.000493
4191 0.000493
4192 0.000493
4193 0.000493
4194 0.000493
4195 0.000493
4196 0.000493
4197 0.000493
4198 0.000493
4199 0.000493
4200 0.000493
4201 0.000493
4202 0.000493
4203 0.000493
4204 0.000493
4205 0.000493
4206 0.000493
4207 0.000493
4208 0.000493
4209 0.000493
4210 0.000493
4211 0.000493
4212 0.000493
4213 0.000493
4214 0.000493
4215 0.000493
4216 0.000493
4217 0.000493
4218 0.000493
4219 0.000493
4220 0.000493
4221 0.000493
4222 0.000493
4223 0.000493
4224 0.000493
4225 0.000493
4226 0.000493
4227 0.000493
4228 0.000493
4229 0.000493
4230 0.000493
4231 0.000493
4232 0.000493
4233 0.000493
4234 0.000493
4235 0.000493
4236 0.000493
4237 0.000493
4238 0.000493
4239 0.000493
4240 0.000493
4241 0.000493
4242 0.000493
4243 0.000493
4244 0.000493
4245 0.000493
4246 0.000493
4247 0.000493
4248 0.000493
4249 0.000493
4250 0.000493
4251 0.000493
4252 0.000493
4253 0.000493
4254 0.000493
4255 0.000493
4256 0.000493
4257 0.000493
4258 0.000493
4259 0.000493
4260 0.000493
4261 0.000493
4262 0.000493
4263 0.000493
4264 0.000493
4265 0.000493
4266 0.000493
4267 0.000493
4268 0.000493
4269 0.000493
4270 0.000493
4271 0.000493
4272 0.000493
4273 0.000493
4274 0.000493
4275 0.000493
4276 0.000493
4277 0.000493
4278 0.000493
4279 0.000493
4280 0.000493
4281 0.000493
4282 0.000493
4283 0.000493
4284 0.000493
4285 0.000493
4286 0.000493
4287 0.000493
4288 0.000493
4289 0.000493
4290 0.000493
4291 0.000493
4292 0.000493
4293 0.000493
4294 0.000493
4295 0.000493
4296 0.000493
4297 0.000493
4298 0.000493
4299 0.000493
4300 0.000493
4301 0.000493
4302 0.000493
4303 0.000493
4304 0.000493
4305 0.000493
4306 0.000493
4307 0.000493
4308 0.000493
4309 0.000493
4310 0.000493
4311 0.000493
4312 0.000493
4313 0.000493
4314 0.000493
4315 0.000493
4316 0.000493
4317 0.000493
4318 0.000493
4319 0.000493
4320 0.000493
4321 0.000493
4322 0.000493
4323 0.000493
4324 0.000493
4325 0.000493
4326 0.000493
4327 0.000493
4328 0.000493
4329 0.000493
4330 0.000493
4331 0.000493
4332 0.000493
4333 0.000493
4334 0.000493
4335 0.000493
4336 0.000493
4337 0.000493
4338 0.000493
4339 0.000493
4340 0.000493
4341 0.000493
4342 0.000493
4343 0.000493
4344 0.000493
4345 0.000493
4346 0.000493
4347 0.000493
4348 0.000493
4349 0.000493
4350 0.000493
4351 0.000493
4352 0.000493
4353 0.000493
4354 0.000493
4355 0.000493
4356 0.000493
4357 0.000493
4358 0.000493
4359 0.000493
4360 0.000493
4361 0.000493
4362 0.000493
4363 0.000493
4364 0.000493
4365 0.000493
4366 0.000493
4367 0.000493
4368 0.000493
4369 0.000493
4370 0.000493
4371 0.000493
4372 0.000493
4373 0.000493
4374 0.000493
4375 0.000493
4376 0.000493
4377 0.000493
4378 0.000493
4379 0.000493
4380 0.000493
4381 0.000493
4382 0.000493
4383 0.000493
4384 0.000493
4385 0.000493
4386 0.000493
4387 0.000493
4388 0.000493
4389 0.000493
4390 0.000493
4391 0.000493
4392 0.000493
4393 0.000493
4394 0.000493
4395 0.000493
4396 0.000493
4397 0.000493
4398 0.000493
4399 0.000493
4400 0.000493
4401 0.000493
4402 0.000493
4403 0.000493
4404 0.000493
4405 0.000493
4406 0.000493
4407 0.000493
4408 0.000493
4409 0.000493
4410 0.000493
4411 0.000493
4412 0.000493
4413 0.000493
4414 0.000493
4415 0.000493
4416 0.000493
4417 0.000493
4418 0.000493
4419 0.000493
4420 0.000493
4421 0.000493
4422 0.000493
4423 0.000493
4424 0.000493
4425 0.000493
4426 0.000493
4427 0.000493
4428 0.000493
4429 0.000493
4430 0.000493
4431 0.000493
4432 0.000493
4433 0.000493
4434 0.000493
4435 0.000493
4436 0.000493
4437 0.000493
4438 0.000493
4439 0.000493
4440 0.000493
4441 0.000493
4442 0.000493
4443 0.000493
4444 0.000493
4445 0.000493
4446 0.000493
4447 0.000493
4448 0.000493
4449 0.000493
4450 0.000493
4451 0.000493
4452 0.000493
4453 0.000493
4454 0.000493
4455 0.000493
4456 0.000493
4457 0.000493
4458 0.000493
4459 0.000493
4460 0.000493
4461 0.000493
4462 0.000493
4463 0.000493
4464 0.000493
4465 0.000493
4466 0.000493
4467 0.000493
4468 0.000493
4469 0.000493
4470 0.000493
4471 0.000493
4472 0.000493
4473 0.000493
4474 0.000493
4475 0.000493
4476 0.000493
4477 0.000493
4478 0.000493
4479 0.000493
4480 0.000493
4481 0.000493
4482 0.000493
4483 0.000493
4484 0.000493
4485 0.000493
4486 0.000493
4487 0.000493
4488 0.000493
4489 0.000493
4490 0.000493
4491 0.000493
4492 0.000493
4493 0.000493
4494 0.000493
4495 0.000493
4496 0.000493
4497 0.000493
4498 0.000493
4499 0.000493
4500 0.000493
4501 0.000493
4502 0.000493
4503 0.000493
4504 0.000493
4505 0.000493
4506 0.000493
4507 0.000493
4508 0.000493
4509 0.000493
4510 0.000493
4511 0.000493
4512 0.000493
4513 0.000493
4514 0.000493
4515 0.000493
4516 0.000493
4517 0.000493
4518 0.000493
4519 0.000493
4520 0.000493
4521 0.000493
4522 0.000493
4523 0.000493
4524 0.000493
4525 0.000493
4526 0.000493
4527 0.000493
4528 0.000493
4529 0.000493
4530 0.000493
4531 0.000493
4532 0.000493
4533 0.000493
4534 0.000493
4535 0.000493
4536 0.000493
4537 0.000493
4538 0.000493
4539 0.000493
4540 0.000493
4541 0.000493
4542 0.000493
4543 0.000493
4544 0.000493
4545 0.000493
4546 0.000493
4547 0.000493
4548 0.000493
4549 0.000493
4550 0.000493
4551 0.000493
4552 0.000493
4553 0.000493
4554 0.000493
4555 0.000493
4556 0.000493
4557 0.000493
4558 0.000493
4559 0.000493
4560 0.000493
4561 0.000493
4562 0.000493
4563 0.000493
4564 0.000493
4565 0.000493
4566 0.000493
4567 0.000493
4568 0.000493
4569 0.000493
4570 0.000493
4571 0.000493
4572 0.000493
4573 0.000493
4574 0.000493
4575 0.000493
4576 0.000493
4577 0.000493
4578 0.000493
4579 0.000493
4580 0.000493
4581 0.000493
4582 0.000493
4583 0.000493
4584 0.000493
4585 0.000493
4586 0.000493
4587 0.000493
4588 0.000122
4589 0.000122
4590 0.000122
4591 0.000122
4592 0.000122
4593 0.000122
4594 0.000122
4595 0.000122
4596 0.000122
4597 0.000122
4598 0.000122
4599 0.000122
4600 0.000122
4601 0.000122
4602 0.000122
4603 0.000122
4604 0.000122
4605 0.000122
4606 0.000122
4607 0.000122
4608 0.000122
4609 0.000122
4610 0.000122
4611 0.000122
4612 0.000122
4613 0.000122
4614 0.000122
4615 0.000122
4616 0.000122
4617 0.000122
4618 0.000122
4619 0.000122
4620 0.000122
4621 0.000122
4622 0.000122
4623 0.000122
4624 0.000122
4625 0.000122
4626 0.000122
4627 0.000122
4628 0.000122
4629 0.000122
4630 0.000122
4631 0.000122
4632 0.000122
4633 0.000122
4634 0.000122
4635 0.000122
4636 0.000122
4637 0.000122
4638 0.000122
4639 0.000122
4640 0.000122
4641 0.000122
4642 0.000122
4643 0.000122
4644 0.000122
4645 0.000122
4646 0.000122
4647 0.000122
4648 0.000122
4649 0.000122
4650 0.000122
4651 0.000122
4652 0.000122
4653 0.000122
4654 0.000122
4655 0.000122
4656 0.000122
4657 0.000122
4658 0.000122
4659 0.000122
4660 0.000122
4661 0.000122
4662 0.000122
4663 0.000122
4664 0.000122
4665 0.000122
4666 0.000122
4667 0.000122
4668 0.000122
4669 0.000122
4670 0.000122
4671 0.000122
4672 0.000122
4673 0.000122
4674 0.000122
4675 0.000122
4676 0.000122
4677 0.000122
4678 0.000122
4679 0.000122
4680 0.000122
4681 0.000122
4682 0.000122
4683 0.000122
4684 0.000122
4685 0.000122
4686 0.000122
4687 0.000122
4688 0.000122
4689 0.000122
4690 0.000122
4691 0.000122
4692 0.000122
4693 0.000122
4694 0.000122
4695 0.000122
4696 0.000122
4697 0.000122
4698 0.000122
4699 0.000122
4700 0.000122
4701 0.000122
4702 0.000122
4703 0.000122
4704 0.000122
4705 0.000122
4706 0.000122
4707 0.000122
4708 0.000122
4709 0.000122
4710 0.000122
4711 0.000122
4712 0.000122
4713 0.000122
4714 0.000122
4715 0.000122
4716 0.000122
4717 0.000122
4718 0.000122
4719 0.000122
4720 0.000122
4721 0.000122
4722 0.000122
4723 0.000122
4724 0.000122
4725 0.000122
4726 0.000122
4727 0.000122
4728 0.000122
4729 0.000122
4730 0.000122
4731 0.000122
4732 0.000122
4733 0.000122
4734 0.000122
4735 0.000122
4736 0.000122
4737 0.000122
4738 0.000122
4739 0.000122
4740 0.000122
4741 0.000122
4742 0.000122
4743 0.000122
4744 0.000122
4745 0.000122
4746 0.000122
4747 0.000122
4748 0.000122
4749 0.000122
4750 0.000122
4751 0.000122
4752 0.000122
4753 0.000122
4754 0.000122
4755 0.000122
4756 0.000122
4757 0.000122
4758 0.000122
4759 0.000122
4760 0.000122
4761 0.000122
4762 0.000122
4763 0.000122
4764 0.000122
4765 0.000122
4766 0.000122
4767 0.000122
4768 0.000122
4769 0.000122
4770 0.000122
4771 0.000122
4772 0.000122
4773 0.000122
4774 0.000122
4775 0.000122
4776 0.000122
4777 0.000122
4778 0.000122
4779 0.000122
4780 0.000122
4781 0.000122
4782 0.000122
4783 0.000122
4784 0.000122
4785 0.000122
4786 0.000122
4787 0.000122
4788 0.000122
4789 0.000122
4790 0.000122
4791 0.000122
4792 0.000122
4793 0.000122
4794 0.000122
4795 0.000122
4796 0.000122
4797 0.000122
4798 0.000122
4799 0.000122
4800 0.000122
4801 0.000122
4802 0.000122
4803 0.000122
4804 0.000122
4805 0.000122
4806 0.000122
4807 0.000122
4808 0.000122
4809 0.000122
4810 0.000122
4811 0.000122
4812 0.000122
4813 0.000122
4814 0.000122
4815 0.000122
4816 0.000122
4817 0.000122
4818 0.000122
4819 0.000122
4820 0.000122
4821 0.000122
4822 0.000122
4823 0.000122
4824 0.000122
4825 0.000122
4826 0.000122
4827 0.000122
4828 0.000122
4829 0.000122
4830 0.000122
4831 0.000122
4832 0.000122
4833 0.000122
4834 0.000122
4835 0.000122
4836 0.000122
4837 0.000122
4838 0.000122
4839 0.000122
4840 0.000122
4841 0.000122
4842 0.000122
4843 0.000122
4844 0.000122
4845 0.000122
4846 0.000122
4847 0.000122
4848 0.000122
4849 0.000122
4850 0.000122
4851 0.000122
4852 0.000122
4853 0.000122
4854 0.000122
4855 0.000122
4856 0.000122
4857 0.000122
4858 0.000122
4859 0.000122
4860 0.000122
4861 0.000122
4862 0.000122
4863 0.000122
4864 0.000122
4865 0.000122
4866 0.000122
4867 0.000122
4868 0.000122
4869 0.000122
4870 0.000122
4871 0.000122
4872 0.000122
4873 0.000122
4874 0.000122
4875 0.000122
4876 0.000122
4877 0.000122
4878 0.000122
4879 0.000122
4880 0.000122
4881 0.000122
4882 0.000122
4883 0.000122
4884 0.000122
4885 0.000122
4886 0.000122
4887 0.000122
4888 0.000122
4889 0.000122
4890 0.000122
4891 0.000122
4892 0.000122
4893 0.000122
4894 0.000122
4895 0.000122
4896 0.000122
4897 0.000122
4898 0.000122
4899 0.000122
4900 0.000122
4901 0.000122
4902 0.000122
4903 0.000122
4904 0.000122
4905 0.000122
4906 0.000122
4907 0.000122
4908 0.000122
4909 0.000122
4910 0.000122
4911 0.000122
4912 0.000122
4913 0.000122
4914 0.000122
4915 0.000122
4916 0.000122
4917 0.000122
4918 0.000122
4919 0.000122
4920 0.000122
4921 0.000122
4922 0.000122
4923 0.000122
4924 0.000122
4925 0.000122
4926 0.000122
4927 0.000122
4928 0.000122
4929 0.000122
4930 0.000122
4931 0.000122
4932 0.000122
4933 0.000122
4934 0.000122
4935 0.000122
4936 0.000122
4937 0.000122
4938 0.000122
4939 0.000122
4940 0.000122
4941 0.000122
4942 0.000122
4943 0.000122
4944 0.000122
4945 0.000122
4946 0.000122
4947 0.000122
4948 0.000122
4949 0.000122
4950 0.000122
4951 0.000122
4952 0.000122
4953 0.000122
4954 0.000122
4955 0.000122
4956 0.000122
4957 0.000122
4958 0.000122
4959 0.000122
4960 0.000122
4961 0.000122
4962 0.000122
4963 0.000122
4964 0.000122
4965 0.000122
4966 0.000122
4967 0.000122
4968 0.000122
4969 0.000122
4970 0.000122
4971 0.000122
4972 0.000122
4973 0.000122
4974 0.000122
4975 0.000122
4976 0.000122
4977 0.000122
4978 0.000122
4979 0.000122
4980 0.000122
4981 0.000122
4982 0.000122
4983 0.000122
4984 0.000122
4985 0.000122
4986 0.000122
4987 0.000122
4988 0.000122
4989 0.000122
4990 0.000122
4991 0.000122
4992 0.000122
4993 0.000122
4994 0.000122
4995 0.000122
4996 0.000122
4997 0.000122
4998 0.000122
4999 0.000122
5000 0.000122
5001 0.000122
5002 0.000122
5003 0.000122
5004 0.000122
5005 0.000122
5006 0.000122
5007 0.000122
5008 0.000122
5009 0.000122
5010 0.000122
5011 0.000122
5012 0.000122
5013 0.000122
5014 0.000122
5015 0.000122
5016 0.000122
5017 0.000122
5018 0.000122
5019 0.000122
5020 0.000122
5021 0.000122
5022 0.000122
5023 0.000122
5024 0.000122
5025 0.000122
5026 0.000122
5027 0.000122
5028 0.000122
5029 0.000122
5030 0.000122
5031 0.000122
5032 0.000122
5033 0.000122
5034 0.000122
5035 0.000122
5036 0.000122
5037 0.000122
5038 0.000122
5039 0.000122
5040 0.000122
5041 0.000122
5042 0.000122
5043 0.000122
5044 0.000122
5045 0.000122
5046 0.000122
5047 0.000122
5048 0.000122
5049 0.000122
5050 0.000122
5051 0.000122
5052 0.000122
5053 0.000122
5054 0.000122
5055 0.000122
5056 0.000122
5057 0.000122
5058 0.000122
5059 0.000122
5060 0.000122
5061 0.000122
5062 0.000122
5063 0.000122
5064 0.000122
5065 0.000122
5066 0.000122
5067 0.000122
5068 0.000122
5069 0.000122
5070 0.000122
5071 0.000122
5072 0.000122
5073 0.000122
5074 0.000122
5075 0.000122
5076 0.000122
5077 0.000122
5078 0.000122
5079 0.000122
5080 0.000122
5081 0.000122
5082 0.000122
5083 0.000122
5084 0.000122
5085 0.000122
5086 0.000122
5087 0.000122
5088 0.000122
5089 0.000122
5090 0.000122
5091 0.000122
5092 0.000122
5093 0.000122
5094 0.000122
5095 0.000122
5096 0.000122
5097 0.000122
5098 0.000122
5099 0.000122
5100 0.000122
5101 0.000122
5102 0.000122
5103 0.000122
5104 0.000122
5105 0.000122
5106 0.000122
5107 0.000122
5108 0.000122
5109 0.000122
5110 0.000122
5111 0.000122
5112 0.000122
5113 0.000122
5114 0.000122
5115 0.000122
5116 0.000122
5117 0.000122
5118 0.000122
5119 0.000122
5120 0.000122
5121 0.000122
5122 0.000122
5123 0.000122
5124 0.000122
5125 0.000122
5126 0.000122
5127 0.000122
5128 0.000122
5129 0.000122
5130 0.000122
5131 0.000122
5132 0.000122
5133 0.000122
5134 0.000122
5135 0.000122
5136 0.000122
5137 0.000122
5138 0.000122
5139 0.000122
5140 0.000122
5141 0.000122
5142 0.000122
5143 0.000122
5144 0.000122
5145 0.000122
5146 0.000122
5147 0.000122
5148 0.000122
5149 0.000122
5150 0.000122
5151 0.000122
5152 0.000122
5153 0.000122
5154 0.000122
5155 0.000122
5156 0.000122
5157 0.000122
5158 0.000122
5159 0.000122
5160 0.000122
5161 0.000122
5162 0.000122
5163 0.000122
5164 0.000122
5165 0.000122
5166 0.000122
5167 0.000122
5168 0.000122
5169 0.000122
5170 0.000122
5171 0.000122
5172 0.000122
5173 0.000122
5174 0.000122
5175 0.000122
5176 0.000122
5177 0.000122
5178 0.000122
5179 0.000122
5180 0.000122
5181 0.000122
5182 0.000122
5183 0.000122
5184 0.000122
5185 0.000122
5186 0.000122
5187 0.000122
5188 0.000122
5189 0.000122
5190 0.000122
5191 0.000122
5192 0.000122
5193 0.000122
5194 0.000122
5195 0.000122
5196 0.000122
5197 0.000122
5198 0.000122
5199 0.000122
5200 0.000122
5201 0.000122
5202 0.000122
5203 0.000122
5204 0.000122
5205 0.000122
5206 0.000122
5207 0.000122
5208 0.000122
5209 0.000122
5210 0.000122
5211 0.000122
5212 0.000122
5213 0.000122
5214 0.000122
5215 0.000122
5216 0.000122
5217 0.000122
5218 0.000122
5219 0.000122
5220 0.000122
5221 0.000122
5222 0.000122
5223 0.000122
5224 0.000122
5225 0.000122
5226 0.000122
5227 0.000122
5228 0.000122
5229 0.000122
5230 0.000122
5231 0.000122
5232 0.000122
5233 0.000122
5234 0.000122
5235 0.000122
5236 0.000122
5237 0.000122
5238 0.000122
5239 0.000122
5240 0.000122
5241 0.000122
5242 0.000122
5243 0.000122
5244 0.000122
5245 0.000122
5246 0.000122
5247 0.000122
5248 0.000122
5249 0.000122
5250 0.000122
5251 0.000122
5252 0.000122
5253 0.000122
5254 0.000122
5255 0.000122
5256 0.000122
5257 0.000122
5258 0.000122
5259 0.000122
5260 0.000122
5261 0.000122
5262 0.000122
5263 0.000122
5264 0.000122
5265 0.000122
5266 0.000122
5267 0.000122
5268 0.000122
5269 0.000122
5270 0.000122
5271 0.000122
5272 0.000122
5273 0.000122
5274 0.000122
5275 0.000122
5276 0.000122
5277 0.000122
5278 0.000122
5279 0.000122
5280 0.000122
5281 0.000122
5282 0.000122
5283 0.000122
5284 0.000122
5285 0.000122
5286 0.000122
5287 0.000122
5288 0.000122
5289 0.000122
5290 0.000122
5291 0.000122
5292 0.000122
5293 0.000122
5294 0.000122
5295 0.000122
5296 0.000122
5297 0.000122
5298 0.000122
5299 0.000122
5300 0.000122
5301 0.000122
5302 0.000122
5303 0.000122
5304 0.000122
5305 0.000122
5306 0.000122
5307 0.000122
5308 0.000122
5309 0.000122
5310 0.000122
5311 0.000122
5312 0.000122
5313 0.000122
5314 0.000122
5315 0.000122
5316 0.000122
5317 0.000122
5318 0.000122
5319 0.000122
5320 0.000122
5321 0.000122
5322 0.000122
5323 0.000122
5324 0.000122
5325 0.000122
5326 0.000122
5327 0.000122
5328 0.000122
5329 0.000122
5330 0.000122
5331 0.000122
5332 0.000122
5333 0.000122
5334 0.000122
5335 0.000122
5336 0.000122
5337 0.000122
5338 0.000122
5339 0.000122
5340 0.000122
5341 0.000122
5342 0.000122
5343 0.000122
5344 0.000122
5345 0.000122
5346 0.000122
5347 0.000122
5348 0.000122
5349 0.000122
5350 0.000122
5351 0.000122
5352 0.000122
5353 0.000122
5354 0.000122
5355 0.000122
5356 0.000122
5357 0.000122
5358 0.000122
5359 0.000122
5360 0.000122
5361 0.000122
5362 0.000122
5363 0.000122
5364 0.000122
5365 0.000122
5366 0.000122
5367 0.000122
5368 0.000122
5369 0.000122
5370 0.000122
5371 0.000122
5372 0.000122
5373 0.000122
5374 0.000122
5375 0.000122
5376 0.000122
5377 0.000122
5378 0.000122
5379 0.000122
5380 0.000122
5381 0.000122
5382 0.000122
5383 0.000122
5384 0.000122
5385 0.000122
5386 0.000122
5387 0.000122
5388 0.000122
5389 0.000122
5390 0.000122
